INFLATION EXPECTATIONS; YEAR-ON-YEAR CHANGE IN HICP,,,,,,,,,,,,,,,,,,,,,
TARGET_PERIOD,FCT_SOURCE,POINT,TN1_0,FN1_0TN0_6,FN0_5TN0_1,F0_0T0_4,F0_5T0_9,F1_0T1_4,F1_5T1_9,F2_0T2_4,F2_5T2_9,F3_0T3_4,F3_5T3_9,F4_0,,,,,,,
2016,1,.3,,,30,60,10,,,,,,,,,,,,,,
2016,4,.3,,5,20,40,25,10,,,,,,,,,,,,,
2016,5,.2,,,25,50,25,,,,,,,,,,,,,,
2016,6,.3,,5,35,50,10,,,,,,,,,,,,,,
2016,7,.2,,,,,,,,,,,,,,,,,,,
2016,10,.3,,,20,70,10,,,,,,,,,,,,,,
2016,15,.3,,,10,65,25,,,,,,,,,,,,,,
2016,16,.4,4,9,21,24,22,15,2,2,1,0,0,0,,,,,,,
2016,20,.2,,,25,45,25,5,,,,,,,,,,,,,
2016,22,.2,,,35,40,25,,,,,,,,,,,,,,
2016,23,.3,,1,26,40,27,5,1,,,,,,,,,,,,
2016,24,.2,,15,22.5,30,22.5,10,,,,,,,,,,,,,
2016,26,.2,,,30,45,25,,,,,,,,,,,,,,
2016,29,.3,,,10,70,20,,,,,,,,,,,,,,
2016,30,.1,,,10,70,20,,,,,,,,,,,,,,
2016,31,.7,,,5,10,50,25,10,,,,,,,,,,,,
2016,32,.2,.0000004784,.0167637451,11.5785236155,76.7157944853,11.6718435384,.0170740205,.0000001168,0,0,0,0,0,,,,,,,
2016,35,.3,,,,70,30,,,,,,,,,,,,,,
2016,37,.3,,,3,88,9,,,,,,,,,,,,,,
2016,38,.2,,,20,60,20,,,,,,,,,,,,,,
2016,39,.3,,,10,40,30,15,5,,,,,,,,,,,,
2016,41,.4,,,20,60,20,,,,,,,,,,,,,,
2016,45,.2,,,15,70,15,,,,,,,,,,,,,,
2016,47,.3,0,5,10,40,30,15,0,0,0,0,0,0,,,,,,,
2016,48,.1,,,30,70,,,,,,,,,,,,,,,
2016,49,.2,,,,,,,,,,,,,,,,,,,
2016,54,.4,,,10,60,30,,,,,,,,,,,,,,
2016,57,.1,,,,,,,,,,,,,,,,,,,
2016,61,.2,,5,15,50,20,10,,,,,,,,,,,,,
2016,67,,,,,,,,,,,,,,,,,,,,
2016,68,.2,,,,,,,,,,,,,,,,,,,
2016,70,.1,,,10,80,10,,,,,,,,,,,,,,
2016,80,0,0,3.4843205575,45.6445993032,42.8571428571,8.0139372822,0,0,0,0,0,0,0,,,,,,,
2016,82,.2,,,,,,,,,,,,,,,,,,,
2016,85,.2081136069,.4445368653,4.857722985,21.5849686364,38.055428517,26.7359410773,7.464592971,.8210603759,.035165365,.0005795601,.0000036384,.0000000086,0,,,,,,,
2016,89,.3077231148,2.5,5,15,50,15,5,2.5,2.5,2.5,0,,,,,,,,,
2016,91,0,0,10,20,40,20,10,0,0,0,0,0,0,,,,,,,
2016,92,.2725736993,.0000001844,.0171533643,10.3085426379,75.079685063,14.5571936678,.0374226564,.0000024262,0,0,0,0,0,,,,,,,
2016,93,.3,,,15,70,15,,,,,,,,,,,,,,
2016,94,.2,3,8,24.5,38,12,8,3,2,1,.5,,,,,,,,,
2016,95,.2289677537,8.0551704279,10.8166153377,18.4962815267,22.7457077706,19.7735888974,12.9375634007,5.5208247646,1.3324324958,.2759906618,.0404453551,.0041934166,.0011859451,,,,,,,
2016,96,.3,,2,15,45,35,3,,,,,,,,,,,,,
2016,98,.3,,,5,75,20,,,,,,,,,,,,,,
2016,99,.3,0,0,5,90,5,0,0,0,0,0,0,0,,,,,,,
2016,101,.2,,,5,80,15,,,,,,,,,,,,,,
2016,102,.4,,,15,75,10,,,,,,,,,,,,,,
2016,103,.3,,,15,70,15,,,,,,,,,,,,,,
2016,105,.2,,,25,75,,,,,,,,,,,,,,,
2016,110,.2,0,.0000091773,2.5248546462,87.8603584063,9.614526068,.0002517022,0,0,0,0,0,0,,,,,,,
2016,112,.3,,10,20,40,15,10,5,,,,,,,,,,,,
2016,114,.4,,3,10,45,30,10,2,,,,,,,,,,,,
2017,1,.7,,,,20,60,20,,,,,,,,,,,,,
2017,4,1.4,,,5,10,20,30,20,10,5,,,,,,,,,,
2017,5,1,,,5,15,30,30,15,5,,,,,,,,,,,
2017,6,1,,,5,15,30,35,10,5,,,,,,,,,,,
2017,7,1.1,,,,,,,,,,,,,,,,,,,
2017,10,1.5,,,,,,30,60,10,,,,,,,,,,,
2017,15,1.3,,,5,5,15,40,15,15,5,,,,,,,,,,
2017,16,1.1,1,2,9,14,15,16,15,12,9,4,2,1,,,,,,,
2017,20,1.2,,,,10,25,40,20,5,,,,,,,,,,,
2017,22,1.2,,,5,10,30,40,15,,,,,,,,,,,,
2017,23,1.3,,1,2,6,20,28,20,17,5,1,,,,,,,,,
2017,24,1.18,,,9,12,16,24,17,13,9,,,,,,,,,,
2017,26,1.3,,,,5,20,40,25,10,,,,,,,,,,,
2017,29,.5,,,10,30,40,20,,,,,,,,,,,,,
2017,30,1.4,,,,10,25,45,20,,,,,,,,,,,,
2017,31,1.4,,,5,10,20,35,25,5,,,,,,,,,,,
2017,32,1.2,.0039894743,.0810359108,1.1646754967,7.6542989681,23.7281970571,34.6062083093,23.7996782939,7.706402643,1.1699668172,.0827923711,.0027134375,.000041221,,,,,,,
2017,35,,,,,,,,,,,,,,,,,,,,
2017,37,1.6,,,,1,8,27,40,23,1,,,,,,,,,,
2017,38,1.3,,,,,20,60,20,,,,,,,,,,,,
2017,39,1.3,,,,15,20,40,25,,,,,,,,,,,,
2017,41,1.2,,,,,10,70,20,,,,,,,,,,,,
2017,45,.925,,,5,10,35,35,15,,,,,,,,,,,,
2017,47,1.4,0,0,0,0,20,35,30,10,5,0,0,0,,,,,,,
2017,48,1.5,,,,,,40,60,,,,,,,,,,,,
2017,49,1,,,,,,,,,,,,,,,,,,,
2017,54,1.1,,,,,30,50,20,,,,,,,,,,,,
2017,57,1.3,,,,,,,,,,,,,,,,,,,
2017,61,1.3,,,,5,25,40,25,5,,,,,,,,,,,
2017,67,,,,,,,,,,,,,,,,,,,,
2017,68,1.3,,,,,,,,,,,,,,,,,,,
2017,70,1.1,,,,,30,70,,,,,,,,,,,,,
2017,80,1.3,0,0,.3484320557,8.0139372822,25.7839721255,34.4947735193,22.6480836237,7.3170731707,1.0452961672,.3484320557,0,0,,,,,,,
2017,82,.9,,,,,,,,,,,,,,,,,,,
2017,85,1.4389105492,.0752706109,.4654515541,2.1792753871,6.9834087754,15.3236621418,23.033313408,23.7210856329,16.7379883831,8.0907551115,2.6782048969,.6068123955,.1047717028,,,,,,,
2017,89,1.5290476153,1,2,2,5,10,27.5,22.5,15,10,2.5,2.5,,,,,,,,
2017,91,.3,0,5,20,40,25,10,0,0,0,0,0,0,,,,,,,
2017,92,1.2799326909,.1116350205,.737935283,3.4549406897,10.4760466329,20.587951308,23.651535929,22.5356476309,13.3535098611,3.8348352994,1.0752855602,.1635342568,.0171425285,,,,,,,
2017,93,1.5,,,,1.5,5,36,52.5,5,,,,,,,,,,,
2017,94,1.3,1.5,3.5,6,10,14,26,12,10,8,6,2,1,,,,,,,
2017,95,1.3048467737,.3109000538,1.6737923541,4.0784571778,9.9650888721,15.6829594827,23.9982736926,20.5152669054,17.0080006077,5.0274823706,1.3852170416,.2582490979,.0963123437,,,,,,,
2017,96,1.4,,,,5,15,35,30,10,5,,,,,,,,,,
2017,98,1.4,,,,5,15,40,30,10,,,,,,,,,,,
2017,99,1.3,0,0,0,0,30,70,0,0,0,0,0,0,,,,,,,
2017,101,1.2,,,,15,20,50,15,,,,,,,,,,,,
2017,102,1.5,,,5,10,15,35,35,,,,,,,,,,,,
2017,103,1.6,,,,7.5,20,30,35,7.5,,,,,,,,,,,
2017,105,1,,,,30,70,,,,,,,,,,,,,,
2017,110,1.3,.6409030866,1.3484518808,4.5003753469,10.0162692393,16.7508381706,21.0516282666,19.882634106,14.1122442859,7.5269950156,3.0164474759,.9081165451,.2450965807,,,,,,,
2017,112,1.4,,,,10,20,40,20,10,,,,,,,,,,,
2017,114,1.1,,5,5,10,10,37,15,8,5,5,,,,,,,,,
2017Jun,1,.4,,,,20,60,20,,,,,,,,,,,,,
2017Jun,4,1.4,,,5,10,15,30,25,10,5,,,,,,,,,,
2017Jun,5,1,,,5,15,30,30,15,5,,,,,,,,,,,
2017Jun,6,1,,,5,25,25,35,5,5,,,,,,,,,,,
2017Jun,7,,,,,,,,,,,,,,,,,,,,
2017Jun,10,1.5,,,,10,20,60,10,,,,,,,,,,,,
2017Jun,15,1.4,,,,10,15,30,25,15,5,,,,,,,,,,
2017Jun,16,1.1,1,2,9,14,15,16,15,12,9,4,2,1,,,,,,,
2017Jun,20,1.3,,,5,20,30,35,10,,,,,,,,,,,,
2017Jun,22,1.1,,,5,10,35,40,10,,,,,,,,,,,,
2017Jun,23,1,,1,5,16,24,28,20,5,1,,,,,,,,,,
2017Jun,24,1.0541070545,,,8,14,21,24,20,9,4,,,,,,,,,,
2017Jun,26,1.2,,,,5,25,45,20,5,,,,,,,,,,,
2017Jun,29,.4,,,10,60,20,10,,,,,,,,,,,,,
2017Jun,30,,,,,,,,,,,,,,,,,,,,
2017Jun,31,1.2,,,5,10,30,40,10,5,,,,,,,,,,,
2017Jun,32,,,,,,,,,,,,,,,,,,,,
2017Jun,35,,,,,,,,,,,,,,,,,,,,
2017Jun,37,1.8,,,,,5,33,50,12,,,,,,,,,,,
2017Jun,38,1.1,,,,,20,60,20,,,,,,,,,,,,
2017Jun,39,1.3,,,,,20,45,30,5,,,,,,,,,,,
2017Jun,41,,,,,,,,,,,,,,,,,,,,
2017Jun,45,,,,,,,,,,,,,,,,,,,,
2017Jun,47,,,,,,,,,,,,,,,,,,,,
2017Jun,48,1.5,,,,,10,40,40,10,,,,,,,,,,,
2017Jun,49,1.1,,,,,,,,,,,,,,,,,,,
2017Jun,54,1,,,,20,40,40,,,,,,,,,,,,,
2017Jun,57,1.1,,,,,,,,,,,,,,,,,,,
2017Jun,61,1.3,,,,15,25,40,20,,,,,,,,,,,,
2017Jun,67,,,,,,,,,,,,,,,,,,,,
2017Jun,68,1.3,,,,,,,,,,,,,,,,,,,
2017Jun,70,,,,,,,,,,,,,,,,,,,,
2017Jun,80,,,,,,,,,,,,,,,,,,,,
2017Jun,82,,,,,,,,,,,,,,,,,,,,
2017Jun,85,1.3039275095,.569581583,1.6832026451,4.7200349579,10.0946447241,16.4675594897,20.4925712449,19.4540175032,14.0884695632,7.7827947749,3.2792956125,1.0537478188,.3140800827,,,,,,,
2017Jun,89,1.5,1,2,2,5,10,27.5,22.5,15,10,2.5,2.5,,,,,,,,
2017Jun,91,.6,0,5,25,45,20,5,0,0,0,0,0,0,,,,,,,
2017Jun,92,1.0641027534,1.561678165,3.5692684634,8.2084340083,14.4639480998,19.5298476278,18.309107882,16.5968460078,11.0606102274,4.247491335,1.8138854275,.5089897345,.1298930215,,,,,,,
2017Jun,93,1.1,,,,5,19.5,75,.5,,,,,,,,,,,,
2017Jun,94,1.2,2,4,8,12,16,20,14,10,8,3,2,1,,,,,,,
2017Jun,95,.8875660171,1.6769509718,3.1533492312,8.6014031215,16.5993707826,22.6641294701,21.8933163113,14.9626719309,7.2348886029,2.4750252627,.5990354396,.1025771172,.0372817582,,,,,,,
2017Jun,96,1.3,,,2,5,15,40,25,10,3,,,,,,,,,,
2017Jun,98,1.5,,,,5,15,30,30,15,5,,,,,,,,,,
2017Jun,99,1.3,0,0,0,0,20,60,15,5,0,0,0,0,,,,,,,
2017Jun,101,1.2,,,,,,,,,,,,,,,,,,,
2017Jun,102,1.6,,,,5,10,35,40,10,,,,,,,,,,,
2017Jun,103,1.5,,,,5,17.5,30,35,10,2.5,,,,,,,,,,
2017Jun,105,.3,,,15,80,5,,,,,,,,,,,,,,
2017Jun,110,1,1.3716365523,2.5129118887,7.3735197594,14.1535889873,20.1982944948,21.4316032032,16.908007328,9.9175462181,4.324516699,1.4015655493,.3375431441,.0692661758,,,,,,,
2017Jun,112,.7,,,5,15,30,20,15,10,5,,,,,,,,,,
2017Jun,114,1,,5,5,10,15,37,10,8,5,5,,,,,,,,,
2018,1,1.5,,,,,20,40,40,,,,,,,,,,,,
2018,4,,,,,,,,,,,,,,,,,,,,
2018,5,1.2,,,5,10,20,30,20,10,5,,,,,,,,,,
2018,6,1.5,,,5,10,10,30,35,5,5,,,,,,,,,,
2018,7,,,,,,,,,,,,,,,,,,,,
2018,10,1.3,,,,10,20,60,10,,,,,,,,,,,,
2018,15,1.7,,,,5,10,15,30,25,15,,,,,,,,,,
2018,16,1.1,1,2,7,13,16,17,15,13,9,4,2,1,,,,,,,
2018,20,1.5,,,,5,15,20,40,15,5,,,,,,,,,,
2018,22,1.4,,,5,10,30,40,15,,,,,,,,,,,,
2018,23,1.7,,1,2,5,10,20,28,23,10,1,,,,,,,,,
2018,24,1.9,,,2,5,11,16.5,20,17,13,10.5,5,,,,,,,,
2018,26,1.7,,,,,10,25,35,20,10,,,,,,,,,,
2018,29,.8,,,,20,40,30,10,,,,,,,,,,,,
2018,30,,,,,,,,,,,,,,,,,,,,
2018,31,1.7,,,,5,15,25,35,15,5,,,,,,,,,,
2018,32,,,,,,,,,,,,,,,,,,,,
2018,35,,,,,,,,,,,,,,,,,,,,
2018,37,1.9,,,,,2,24,36,31,5,2,,,,,,,,,
2018,38,1.6,,,,,,20,60,20,,,,,,,,,,,
2018,39,1.5,,,,10,15,30,35,10,,,,,,,,,,,
2018,41,1.6,,,,,,20,60,20,,,,,,,,,,,
2018,45,1.35,,,,5,15,35,35,10,,,,,,,,,,,
2018,47,,,,,,,,,,,,,,,,,,,,
2018,48,,,,,,,,,,,,,,,,,,,,
2018,49,1,,,,,,,,,,,,,,,,,,,
2018,54,1.8,,,,,10,40,50,,,,,,,,,,,,
2018,57,1.5,,,,,,,,,,,,,,,,,,,
2018,61,,,,,,,,,,,,,,,,,,,,
2018,67,,,,,,,,,,,,,,,,,,,,
2018,68,1.4,,,,,,,,,,,,,,,,,,,
2018,70,,,,,,,,,,,,,,,,,,,,
2018,80,1.9,0,0,0,2.0905923345,11.4982578397,19.512195122,28.9198606272,26.8292682927,9.0592334495,1.7421602787,.3484320557,0,,,,,,,
2018,82,,,,,,,,,,,,,,,,,,,,
2018,85,1.6582060641,.2905977393,.9060430295,2.7389819215,6.4802394316,12.0005194521,17.3960123297,19.7406141964,17.5363821362,12.1949797276,6.6384046259,2.8284907427,1.2487346675,,,,,,,
2018,89,1.6126844385,,,2.5,5,10,25,30,17.5,5,2.5,2.5,,,,,,,,
2018,91,1.6,0,0,0,5,15,30,35,15,0,0,0,0,,,,,,,
2018,92,1.0957263288,.3185717131,1.5707107224,5.799552263,14.214479257,23.1383851586,22.7241627088,18.9275813189,9.9287538743,2.5882863845,.6805289708,.0988449355,.0101426931,,,,,,,
2018,93,1.8,,,,,2.5,8.5,57,30,2,,,,,,,,,,
2018,94,1.8,.5,1,3,5,8,14,28,16,12,7.5,3,2,,,,,,,
2018,95,1.5996360936,.558694376,1.050322554,4.9534717118,8.8983798117,12.4796249607,14.4581322679,18.6174127338,16.5665348705,13.969520913,5.2022816659,2.0628681314,1.1827560033,,,,,,,
2018,96,1.5,,,,5,10,30,35,15,3,2,,,,,,,,,
2018,98,1.6,,,,5,15,25,35,15,5,,,,,,,,,,
2018,99,,,,,,,,,,,,,,,,,,,,
2018,101,1.5,,,,5,20,30,40,5,,,,,,,,,,,
2018,102,1.5,,,,10,10,35,40,5,,,,,,,,,,,
2018,103,1.8,,,,5,15,30,35,10,5,,,,,,,,,,
2018,105,1.3,,,,,10,90,,,,,,,,,,,,,
2018,110,,,,,,,,,,,,,,,,,,,,
2018,112,1.7,,,,5,10,20,30,20,10,5,,,,,,,,,
2018,114,1.4,,2,8,10,15,40,15,8,2,,,,,,,,,,
2018Jun,1,.8,,,,,20,60,20,,,,,,,,,,,,
2018Jun,4,,,,,,,,,,,,,,,,,,,,
2018Jun,5,1.2,,,5,10,20,30,20,10,5,,,,,,,,,,
2018Jun,6,1.5,,,,5,20,30,35,10,,,,,,,,,,,
2018Jun,7,,,,,,,,,,,,,,,,,,,,
2018Jun,10,1.6,,,,10,20,60,10,,,,,,,,,,,,
2018Jun,15,1.6,,,,5,10,25,30,20,10,,,,,,,,,,
2018Jun,16,1.1,1,2,7,13,16,17,15,13,9,4,2,1,,,,,,,
2018Jun,20,1.5,,,,5,15,25,35,15,5,,,,,,,,,,
2018Jun,22,1.3,,,5,15,25,35,20,,,,,,,,,,,,
2018Jun,23,1.9,,1,2,5,10,20,28,23,10,1,,,,,,,,,
2018Jun,24,1.7611301797,,,3,5,12,15,20,17,15,10,3,,,,,,,,
2018Jun,26,1.7,,,,,12.5,25,30,20,12.5,,,,,,,,,,
2018Jun,29,.7,,,,20,40,30,10,,,,,,,,,,,,
2018Jun,30,,,,,,,,,,,,,,,,,,,,
2018Jun,31,1.7,,,,5,20,25,35,10,5,,,,,,,,,,
2018Jun,32,,,,,,,,,,,,,,,,,,,,
2018Jun,35,,,,,,,,,,,,,,,,,,,,
2018Jun,37,1.7,,,,,4,30,45,16,5,,,,,,,,,,
2018Jun,38,1.6,,,,,,20,60,20,,,,,,,,,,,
2018Jun,39,1.4,,,,5,10,38,32,15,,,,,,,,,,,
2018Jun,41,,,,,,,,,,,,,,,,,,,,
2018Jun,45,,,,,,,,,,,,,,,,,,,,
2018Jun,47,,,,,,,,,,,,,,,,,,,,
2018Jun,48,,,,,,,,,,,,,,,,,,,,
2018Jun,49,1,,,,,,,,,,,,,,,,,,,
2018Jun,54,1.6,,,,,15,30,50,5,,,,,,,,,,,
2018Jun,57,1.3,,,,,,,,,,,,,,,,,,,
2018Jun,61,,,,,,,,,,,,,,,,,,,,
2018Jun,67,,,,,,,,,,,,,,,,,,,,
2018Jun,68,1.6,,,,,,,,,,,,,,,,,,,
2018Jun,70,,,,,,,,,,,,,,,,,,,,
2018Jun,80,,,,,,,,,,,,,,,,,,,,
2018Jun,82,,,,,,,,,,,,,,,,,,,,
2018Jun,85,1.6085051634,.4946761468,1.2771344544,3.4134752225,7.3022043426,12.5037059539,17.1385117884,18.8048628847,16.5171013232,11.6133805668,6.5362704844,2.9445872552,1.4540895771,,,,,,,
2018Jun,89,1.59,,,2.5,5,10,25,30,17.5,5,2.5,2.5,,,,,,,,
2018Jun,91,1.2,0,0,0,10,25,30,25,10,0,0,0,0,,,,,,,
2018Jun,92,1.0837245987,1.5192205389,3.4738068413,8.0148809303,14.2010755394,19.3249103534,18.2899677795,16.7723109014,11.346652606,4.4327621717,1.927051978,.5523552636,.1450050965,,,,,,,
2018Jun,93,1.7,,,,,2.5,25,54.5,15.5,2.5,,,,,,,,,,
2018Jun,94,1.9,.5,1,4,4.5,8,10,24,23,11,8,4,2,,,,,,,
2018Jun,95,1.6025042656,.8232391174,1.4315139966,4.6071002514,8.4814608286,11.5029003749,15.5217720939,19.3455386551,16.7491714746,12.0338938845,5.564949547,2.4457226396,1.4927371364,,,,,,,
2018Jun,96,1.4,,,,5,15,35,30,10,3,2,,,,,,,,,
2018Jun,98,1.7,,,,5,10,20,40,20,5,,,,,,,,,,
2018Jun,99,,,,,,,,,,,,,,,,,,,,
2018Jun,101,1.4,,,,,,,,,,,,,,,,,,,
2018Jun,102,1.5,,,,5,10,35,40,10,,,,,,,,,,,
2018Jun,103,,,,,,,,,,,,,,,,,,,,
2018Jun,105,1.1,,,,,25,75,,,,,,,,,,,,,
2018Jun,110,,,,,,,,,,,,,,,,,,,,
2018Jun,112,1.7,,,,5,10,20,30,20,10,5,,,,,,,,,
2018Jun,114,1.4,,5,5,10,10,35,17,8,5,5,,,,,,,,,
2021,1,1.9,,,,,10,30,50,10,,,,,,,,,,,
2021,4,1.7,,,,5,10,20,30,20,10,5,,,,,,,,,
2021,5,1.7,,,,5,10,20,30,20,10,5,,,,,,,,,
2021,6,1.8,,,,,5,20,40,30,5,,,,,,,,,,
2021,7,,,,,,,,,,,,,,,,,,,,
2021,10,1.6,,,,,10,30,60,,,,,,,,,,,,
2021,15,1.9,,,,,5,20,35,20,15,5,,,,,,,,,
2021,16,1.7,5,5,6,7,13,14,16,12,9,7,5,1,,,,,,,
2021,20,1.9,,,,10,15,20,27,20,8,,,,,,,,,,
2021,22,1.6,,,,5,10,25,50,10,,,,,,,,,,,
2021,23,2,,1,2,4,10,15,19,17,15,11,5,1,,,,,,,
2021,24,1.9,,1,2.5,6,10,16.5,18,16.5,12,9,6,2.5,,,,,,,
2021,26,1.8,,,2.5,5,12.5,17.5,25,17.5,12.5,5,2.5,,,,,,,,
2021,29,1.5,,,,,10,30,40,20,,,,,,,,,,,
2021,30,,,,,,,,,,,,,,,,,,,,
2021,31,1.9,,,,,10,30,40,15,5,,,,,,,,,,
2021,32,,,,,,,,,,,,,,,,,,,,
2021,35,,,,,,,,,,,,,,,,,,,,
2021,37,2.1,,,,,,2,35,39,23,1,,,,,,,,,
2021,38,,,,,,,,,,,,,,,,,,,,
2021,39,1.8,,,,5,15,20,40,15,5,,,,,,,,,,
2021,41,,,,,,,,,,,,,,,,,,,,
2021,45,1.6,,,,5,5,20,50,15,5,,,,,,,,,,
2021,47,,,,,,,,,,,,,,,,,,,,
2021,48,1.5,,,,,,,,,,,,,,,,,,,
2021,49,,,,,,,,,,,,,,,,,,,,
2021,54,2,,,,,,15,40,40,5,,,,,,,,,,
2021,57,2,,,,,,,,,,,,,,,,,,,
2021,61,,,,,,,,,,,,,,,,,,,,
2021,67,,,,,,,,,,,,,,,,,,,,
2021,68,1.9,,,,,,,,,,,,,,,,,,,
2021,70,1.8,,,,,,35,65,,,,,,,,,,,,
2021,80,1.5,1.0452961672,1.393728223,4.8780487805,10.1045296167,15.331010453,20.2090592334,21.2543554008,16.0278745645,6.2717770035,2.4390243902,.3484320557,.6968641115,,,,,,,
2021,82,,,,,,,,,,,,,,,,,,,,
2021,85,1.95,.1144206831,.4241939123,1.4796069452,4.0388542596,8.6288298374,14.4300630412,18.8901507373,19.3583585551,15.5299093979,9.7526866699,4.7941200088,2.5588059522,,,,,,,
2021,89,1.9,,,0,2.5,10,15,22.5,25,15,7.5,2.5,0,,,,,,,
2021,91,1.8,0,0,0,5,10,25,35,20,5,0,0,0,,,,,,,
2021,92,,,,,,,,,,,,,,,,,,,,
2021,93,2,,,,,,2.5,33,57,7.5,,,,,,,,,,
2021,94,1.7,.5,1,3,4.5,8,16,32,16,8,6,3,2,,,,,,,
2021,95,1.8017562237,.6610442811,1.1488385783,2.9717907679,7.1829004726,10.6990661164,14.8906719192,17.7864140197,16.4493733457,12.5513464966,8.0080833447,4.4364178524,3.2140528054,,,,,,,
2021,96,1.5,,,,5,10,30,35,15,3,2,,,,,,,,,
2021,98,2,,,,,,15,35,35,15,,,,,,,,,,
2021,99,1.8,0,0,0,0,10,30,60,0,0,0,0,0,,,,,,,
2021,101,1.7,,,5,10,15,25,40,5,,,,,,,,,,,
2021,102,,,,,,,,,,,,,,,,,,,,
2021,103,1.8,0,0,0,4.9987503124,12.4968757811,19.9950012497,29.9925018744,19.9950012497,12.4968757811,.0249937516,0,0,,,,,,,
2021,105,2,,,,,,10,80,10,,,,,,,,,,,
2021,110,,,,,,,,,,,,,,,,,,,,
2021,112,2,,,,,5,10,20,30,25,10,,,,,,,,,
2021,114,1.5,,1,3,8,10,16,40,10,5,5,2,,,,,,,,
,,,,,,,,,,,,,,,,,,,,,
CORE INFLATION EXPECTATIONS; YEAR-ON-YEAR CHANGE IN CORE,,,,,,,,,,,,,,,,,,,,,
,,,,,,,,,,,,,,,,,,,,,
,,,,,,,,,,,,,,,,,,,,,
GROWTH EXPECTATIONS; YEAR-ON-YEAR CHANGE IN REAL GDP,,,,,,,,,,,,,,,,,,,,,
TARGET_PERIOD,FCT_SOURCE,POINT,TN1_0,FN1_0TN0_6,FN0_5TN0_1,F0_0T0_4,F0_5T0_9,F1_0T1_4,F1_5T1_9,F2_0T2_4,F2_5T2_9,F3_0T3_4,F3_5T3_9,F4_0,,,,,,,
2016,1,1.7,,,,,,30,50,20,,,,,,,,,,,
2016,4,1.5,,,,5,15,20,30,20,10,,,,,,,,,,
2016,5,1.4,,,,,20,40,30,10,,,,,,,,,,,
2016,6,1.4,,,,,10,50,35,5,,,,,,,,,,,
2016,7,1.6,,,,,,,,,,,,,,,,,,,
2016,10,1.3,,,,,20,60,20,,,,,,,,,,,,
2016,15,1.6,,,,,5,30,50,15,,,,,,,,,,,
2016,16,1.6,0,0,1,5,10,24,28,23,5,3,1,0,,,,,,,
2016,20,1.6,,,,,10,30,40,20,,,,,,,,,,,
2016,22,1.5,,,,,20,35,40,5,,,,,,,,,,,
2016,23,1.5,,,1,7,15,25,30,17,5,,,,,,,,,,
2016,24,1.5508983131,,,,3,17.5,21,30,19.5,9,,,,,,,,,,
2016,26,1.5,,,5,10,15,20,20,15,10,5,,,,,,,,,
2016,29,1.2,,,,,20,50,30,,,,,,,,,,,,
2016,30,1.7,,,,,20,20,40,20,,,,,,,,,,,
2016,31,1.8,,,,5,10,20,45,20,,,,,,,,,,,
2016,32,1.7,.0000000014,.0000014411,.000795407,.1010342439,3.1002505131,23.5956938785,46.2417480535,23.7228159463,3.1341280565,.1027266662,.0008043295,.000001463,,,,,,,
2016,35,1.5,,,,,,40,60,,,,,,,,,,,,
2016,37,1.6,,,,,1,44,54,1,,,,,,,,,,,
2016,38,1.5,,,,,,25,60,15,,,,,,,,,,,
2016,39,1.7,,,,,15,35,40,10,,,,,,,,,,,
2016,41,1.2,,,,,10,60,30,,,,,,,,,,,,
2016,45,1.4,,,,,5,50,45,,,,,,,,,,,,
2016,47,1.4,0,0,0,0,0,55,45,0,0,0,0,0,,,,,,,
2016,48,1.8,,,,,,,80,20,,,,,,,,,,,
2016,49,1.3,,,,,,,,,,,,,,,,,,,
2016,54,1.4,,,,5,10,40,40,5,,,,,,,,,,,
2016,57,1.5,,,,,,,,,,,,,,,,,,,
2016,61,1.6,,,,,,30,50,20,,,,,,,,,,,
2016,67,1.7,,,,,,,,,,,,,,,,,,,
2016,68,1.6,,,,,,,,,,,,,,,,,,,
2016,70,1.7,,,,,,,65,35,,,,,,,,,,,
2016,80,1.5,0,0,0,.3484320557,5.9233449477,44.2508710802,40.7665505227,8.362369338,.3484320557,0,0,0,,,,,,,
2016,82,1.4,,,,,,,,,,,,,,,,,,,
2016,85,1.6356210769,.0000022345,.0003865984,.0255139968,.6473202218,6.3880589933,24.8121089139,38.2779368709,23.5324478678,5.7438894411,.5514591122,.0205790921,.0002966572,,,,,,,
2016,89,1.414,,,2.5,7.5,15,30,22.5,10,7.5,5,,,,,,,,,
2016,91,1.4,0,0,0,0,10,60,30,0,0,0,0,0,,,,,,,
2016,92,1.5487007494,.1061888329,.5700857255,2.4195371637,7.2127167889,15.1081019974,19.8479414835,23.3072543009,18.8539704757,8.0152308891,3.4635116763,.9056805494,.1897801167,,,,,,,
2016,93,1.5,,,,,7.5,30,52.5,10,,,,,,,,,,,
2016,94,1.5,.5,1,1.5,2,12,29,30,15,6,2,1,,,,,,,,
2016,95,1.6044804461,.5861870481,1.1020076519,3.2288745964,7.3679068353,13.0937321565,18.1221265748,20.517728738,16.3975782193,10.7202411891,5.4582796319,2.1643793681,1.2409579906,,,,,,,
2016,96,1.5,,,,,10,35,40,10,5,,,,,,,,,,
2016,98,1.5,,,,,,35,65,,,,,,,,,,,,
2016,99,1.6,0,0,0,0,0,20,80,0,0,0,0,0,,,,,,,
2016,101,1.6,,,,,,40,60,,,,,,,,,,,,
2016,102,1.6,,,,5,10,40,40,5,,,,,,,,,,,
2016,103,1.5,,,,,10,40,45,5,,,,,,,,,,,
2016,105,1.3,,,,,5,85,10,,,,,,,,,,,,
2016,110,1.6,.0002531262,.0054091289,.1370736437,1.6191263879,9.2052466506,25.3146749773,33.7878867712,21.9106289265,6.8925440961,1.0478461944,.0765889737,.0027211235,,,,,,,
2016,112,1.6,,,5,10,15,20,30,15,5,,,,,,,,,,
2016,114,1.7,,,,5,5,30,45,10,5,,,,,,,,,,
2017,1,1.7,,,,,,30,50,20,,,,,,,,,,,
2017,4,1.2,,,5,10,20,30,20,10,5,,,,,,,,,,
2017,5,1.4,,,,5,20,30,30,10,5,,,,,,,,,,
2017,6,1.5,,,,,10,35,40,15,,,,,,,,,,,
2017,7,1.7,,,,,,,,,,,,,,,,,,,
2017,10,1,,,,,20,60,20,,,,,,,,,,,,
2017,15,1.6,,,,5,5,25,35,25,5,,,,,,,,,,
2017,16,1.1,1,2,5,9,12,19,20,18,8,4,1,1,,,,,,,
2017,20,1.2,,,,10,30,35,20,5,,,,,,,,,,,
2017,22,1.4,,,0,10,30,40,20,,,,,,,,,,,,
2017,23,1.5,1,2,5,10,15,22,22,15,7,1,,,,,,,,,
2017,24,1.1491199715,,,10,16,17.5,25,17.5,10,4,,,,,,,,,,
2017,26,1.5,,,5,10,15,20,20,15,10,5,,,,,,,,,
2017,29,1.2,,,,,20,50,30,,,,,,,,,,,,
2017,30,1.7,,,,,10,20,40,30,,,,,,,,,,,
2017,31,1.9,,,,5,10,15,40,20,10,,,,,,,,,,
2017,32,1.6,.8102816083,1.5295795721,4.0134365635,8.0053576849,13.0004668754,17.0884347184,18.2072478524,15.7248764008,11.0084442241,6.2466620257,2.8729893232,1.4922231512,,,,,,,
2017,35,,,,,,,,,,,,,,,,,,,,
2017,37,1.6,,,,2,8,39,46,5,,,,,,,,,,,
2017,38,1.2,,,,,25,60,15,,,,,,,,,,,,
2017,39,1.4,,,,,17,35,33,15,,,,,,,,,,,
2017,41,1.1,,,,,10,70,20,,,,,,,,,,,,
2017,45,1.7,,,,,5,15,60,15,5,,,,,,,,,,
2017,47,1.2,0,0,0,10,25,30,25,10,0,0,0,0,,,,,,,
2017,48,1.7,,,,,,10,80,10,,,,,,,,,,,
2017,49,1.2,,,,,,,,,,,,,,,,,,,
2017,54,1.7,,,,,10,30,50,10,,,,,,,,,,,
2017,57,1.5,,,,,,,,,,,,,,,,,,,
2017,61,1.7,,,,,10,20,45,20,5,,,,,,,,,,
2017,67,1.6,,,,,,,,,,,,,,,,,,,
2017,68,1.8,,,,,,,,,,,,,,,,,,,
2017,70,1.8,,,,,,,45,55,,,,,,,,,,,
2017,80,1.7,0,0,0,1.0452961672,12.8919860627,26.1324041812,33.1010452963,17.7700348432,8.362369338,.3484320557,.3484320557,0,,,,,,,
2017,82,1,,,,,,,,,,,,,,,,,,,
2017,85,1.4813532871,.3291701414,1.0937878715,3.3768468674,7.9506535549,14.278056111,19.5593126363,20.4399661064,16.2949185423,9.9095156844,4.5966736745,1.6261853162,.5449134937,,,,,,,
2017,89,1.288,,2.5,5,7.5,17.5,22.5,22.5,12.5,5,2.5,2.5,,,,,,,,
2017,91,1.5,0,0,0,0,10,55,30,5,0,0,0,0,,,,,,,
2017,92,1.4123775184,1.6278204299,2.8808710664,6.0298001229,10.403911908,14.7985640604,15.5886913832,16.9796528786,14.9308432497,8.1066703353,5.1030071204,2.3229069302,1.227260515,,,,,,,
2017,93,1.6,,,,,2.5,23,55.5,17.5,1.5,,,,,,,,,,
2017,94,1.1,.5,3,6,12,25,26,10,7,5,3,2,.5,,,,,,,
2017,95,1.7073581728,.6226854519,1.1253824735,3.1010116486,6.8112555318,11.9253593682,15.668470205,19.4896216438,17.3929848227,12.5799444825,6.5388423725,2.9367591042,1.8076828953,,,,,,,
2017,96,1.1,,,5,10,30,35,15,5,,,,,,,,,,,
2017,98,1.5,,,,,15,35,35,15,,,,,,,,,,,
2017,99,1.3,0,0,0,0,10,70,20,0,0,0,0,0,,,,,,,
2017,101,1.2,,,,5,15,45,30,5,,,,,,,,,,,
2017,102,1.3,,,,5,15,45,30,5,,,,,,,,,,,
2017,103,1.6,,,,2.5,10,35,40,10,2.5,,,,,,,,,,
2017,105,1.4,,,,,,85,15,,,,,,,,,,,,
2017,110,1.6,16.7122698126,3.9828821357,5.6953509724,6.4016186376,6.9522750219,7.2951116121,7.396134435,7.2451188295,6.8573147967,6.270909173,5.5408292958,19.6501852777,,,,,,,
2017,112,1.5,,,5,10,15,20,30,15,5,,,,,,,,,,
2017,114,1.3,,2,3,5,15,45,15,10,5,,,,,,,,,,
2017Q1,1,1.7,,,,,,30,50,20,,,,,,,,,,,
2017Q1,4,1,,,,10,20,35,25,10,,,,,,,,,,,
2017Q1,5,1,,,5,15,30,30,15,5,,,,,,,,,,,
2017Q1,6,1.5,,,,,5,40,50,5,,,,,,,,,,,
2017Q1,7,,,,,,,,,,,,,,,,,,,,
2017Q1,10,.8,,,,20,60,20,,,,,,,,,,,,,
2017Q1,15,1.6,,,,5,15,20,35,15,10,,,,,,,,,,
2017Q1,16,1.1,0,1,5,10,24,28,20,5,3,3,1,0,,,,,,,
2017Q1,20,1.1,,,,15,30,35,20,,,,,,,,,,,,
2017Q1,22,1.4,,,5,15,30,35,15,,,,,,,,,,,,
2017Q1,23,1.3,,,5,10,20,25,21,14,5,,,,,,,,,,
2017Q1,24,1.3175714749,,,2.5,12.5,20,25,20,17.5,2.5,,,,,,,,,,
2017Q1,26,1.3,,,5,10,15,20,20,15,10,5,,,,,,,,,
2017Q1,29,1.4,,,,,10,50,40,,,,,,,,,,,,
2017Q1,30,,,,,,,,,,,,,,,,,,,,
2017Q1,31,1.8,,,,5,10,30,40,15,,,,,,,,,,,
2017Q1,32,,,,,,,,,,,,,,,,,,,,
2017Q1,35,,,,,,,,,,,,,,,,,,,,
2017Q1,37,1.4,,,,,7,48,44,1,,,,,,,,,,,
2017Q1,38,1.1,,,,,25,60,15,,,,,,,,,,,,
2017Q1,39,1.5,,,,,20,40,25,15,,,,,,,,,,,
2017Q1,41,,,,,,,,,,,,,,,,,,,,
2017Q1,45,,,,,,,,,,,,,,,,,,,,
2017Q1,47,,,,,,,,,,,,,,,,,,,,
2017Q1,48,1.9,,,,,,,,,,,,,,,,,,,
2017Q1,49,.9,,,,,,,,,,,,,,,,,,,
2017Q1,54,1.3,,,,5,10,45,35,5,,,,,,,,,,,
2017Q1,57,1.5,,,,,,,,,,,,,,,,,,,
2017Q1,61,1.5,,,,,15,25,40,20,,,,,,,,,,,
2017Q1,67,,,,,,,,,,,,,,,,,,,,
2017Q1,68,1.5,,,,,,,,,,,,,,,,,,,
2017Q1,70,,,,,,,,,,,,,,,,,,,,
2017Q1,80,,,,,,,,,,,,,,,,,,,,
2017Q1,82,,,,,,,,,,,,,,,,,,,,
2017Q1,85,1.3934255019,.0016214006,.0430057917,.5958110672,4.2485982113,15.6541148957,29.8939807635,29.6375224224,15.2543208191,4.0690036643,.5607743594,.0397737555,.0014728493,,,,,,,
2017Q1,89,.9200785675,,2.5,7.5,20,25,20,15,5,2.5,2.5,,,,,,,,,
2017Q1,91,1.8,0,0,0,0,5,40,40,15,0,0,0,0,,,,,,,
2017Q1,92,1.3099579443,2.8184495281,3.9254428923,7.2163242047,11.2121106536,14.723479143,14.7090296916,15.5450190329,13.5710114146,7.5047330962,4.9197723431,2.3948743592,1.4597536407,,,,,,,
2017Q1,93,1.4,,,,,4,57,28.5,8,2.5,,,,,,,,,,
2017Q1,94,.8,1.5,4,8,20,32,14,10,4,2.5,2,1.5,.5,,,,,,,
2017Q1,95,1.6000677693,.8716167666,1.5277851165,3.9598256744,8.1810752076,11.5046559848,16.7022607758,19.4912061958,16.9129242697,11.7396464068,5.4393540888,2.2978693306,1.3717801826,,,,,,,
2017Q1,96,1,,,5,15,30,35,10,5,,,,,,,,,,,
2017Q1,98,1.3,,,,,20,35,35,10,,,,,,,,,,,
2017Q1,99,1.2,0,0,0,0,10,70,20,0,0,0,0,0,,,,,,,
2017Q1,101,1.2,,,,,,,,,,,,,,,,,,,
2017Q1,102,1.3,,,,5,15,45,30,5,,,,,,,,,,,
2017Q1,103,1.2,,,,2.5,12.5,40,35,10,,,,,,,,,,,
2017Q1,105,1.5,,,,,,30,70,,,,,,,,,,,,
2017Q1,110,1.4,5.5344939954,3.6537814826,6.7514672197,9.3747763155,11.6681462466,13.0173347402,13.0173347402,11.6681462466,9.3747763155,6.7514672197,4.3582488939,4.8300265841,,,,,,,
2017Q1,112,1.5,,,,5,15,25,30,15,10,,,,,,,,,,
2017Q1,114,1.3,,2,3,5,15,45,15,10,5,,,,,,,,,,
2018,1,1.7,,,,,10,30,40,20,,,,,,,,,,,
2018,4,,,,,,,,,,,,,,,,,,,,
2018,5,1.7,,,,5,10,20,30,20,10,5,,,,,,,,,
2018,6,1.6,,,,,15,35,40,10,,,,,,,,,,,
2018,7,,,,,,,,,,,,,,,,,,,,
2018,10,1.5,,,,,,20,60,20,,,,,,,,,,,
2018,15,1.7,,,,5,10,25,30,15,10,5,,,,,,,,,
2018,16,1.4,1,2,5,12,17,19,17,12,9,4,1,1,,,,,,,
2018,20,1.5,,,,5,15,25,35,15,5,,,,,,,,,,
2018,22,1.5,,,,5,20,25,35,10,5,,,,,,,,,,
2018,23,1.7,1,2,5,9,14,19,23,18,8,1,,,,,,,,,
2018,24,1.4,,,4.5,14,17,20,17.5,13,9,5,,,,,,,,,
2018,26,1.5,,,5,10,15,20,20,15,10,5,,,,,,,,,
2018,29,1.4,,,,,10,50,40,,,,,,,,,,,,
2018,30,,,,,,,,,,,,,,,,,,,,
2018,31,1.9,,,,5,10,20,40,20,5,,,,,,,,,,
2018,32,,,,,,,,,,,,,,,,,,,,
2018,35,,,,,,,,,,,,,,,,,,,,
2018,37,1.6,,,,2,10,38,44,5,1,,,,,,,,,,
2018,38,1.2,,,,,20,60,20,,,,,,,,,,,,
2018,39,1.4,,,,,20,35,30,15,,,,,,,,,,,
2018,41,1.1,,,,,10,70,20,,,,,,,,,,,,
2018,45,1.7,,,,5,5,25,30,25,5,5,,,,,,,,,
2018,47,,,,,,,,,,,,,,,,,,,,
2018,48,,,,,,,,,,,,,,,,,,,,
2018,49,1.6,,,,,,,,,,,,,,,,,,,
2018,54,2,,,,,,10,35,45,10,,,,,,,,,,
2018,57,1.6,,,,,,,,,,,,,,,,,,,
2018,61,,,,,,,,,,,,,,,,,,,,
2018,67,,,,,,,,,,,,,,,,,,,,
2018,68,1.7,,,,,,,,,,,,,,,,,,,
2018,70,,,,,,,,,,,,,,,,,,,,
2018,80,1.8,0,.3484320557,.6968641115,2.0905923345,9.756097561,20.5574912892,24.3902439025,21.9512195122,13.5888501742,5.9233449477,.6968641115,0,,,,,,,
2018,82,,,,,,,,,,,,,,,,,,,,
2018,85,1.560946504,1.3295993096,2.2572098005,4.7292446422,8.3497670847,12.4231038993,15.5763770027,16.4583998351,14.6552972718,10.997281296,6.9543145856,3.7058951516,2.5635101209,,,,,,,
2018,89,1.533,,2.5,2.5,7.5,17.5,20,20,12.5,10,5,2.5,,,,,,,,
2018,91,1.7,0,0,0,0,5,40,40,15,0,0,0,0,,,,,,,
2018,92,1.4167042741,2.8989984387,3.7350825536,6.6863283538,10.2825215859,13.5844345066,13.8545428327,15.1738341384,14.013020633,8.3192377745,5.9172157425,3.190395559,2.3443878813,,,,,,,
2018,93,1.8,,,,,2.5,12.5,45,35,5,,,,,,,,,,
2018,94,2,.5,1.5,2.5,3.5,4.5,8.5,20,30,17,8,3,1,,,,,,,
2018,95,1.7270569129,.5850977807,1.0634617296,2.9638013382,6.5841063849,11.6591023527,15.4823754486,19.4914327556,18.5565681748,11.8725353908,6.7657255451,3.0733060132,1.9024870858,,,,,,,
2018,96,1.2,,,,5,25,35,20,10,5,,,,,,,,,,
2018,98,1.7,,,,,10,30,35,20,5,,,,,,,,,,
2018,99,,,,,,,,,,,,,,,,,,,,
2018,101,1.2,,,5,10,15,40,25,5,,,,,,,,,,,
2018,102,1.2,,,,10,10,45,30,5,,,,,,,,,,,
2018,103,1.6,,,2.5,5,10,25,30,20,5,2.5,,,,,,,,,
2018,105,1.6,,,,,,20,80,,,,,,,,,,,,
2018,110,,,,,,,,,,,,,,,,,,,,
2018,112,1.7,,,,5,10,20,30,20,10,5,,,,,,,,,
2018,114,1.4,1,3,4,5,10,45,25,5,2,,,,,,,,,,
2018Q1,1,1.7,,,,,10,30,40,20,,,,,,,,,,,
2018Q1,4,,,,,,,,,,,,,,,,,,,,
2018Q1,5,1.7,,,,5,10,20,30,20,10,5,,,,,,,,,
2018Q1,6,1.6,,,,,5,40,50,5,,,,,,,,,,,
2018Q1,7,,,,,,,,,,,,,,,,,,,,
2018Q1,10,1.3,,,,,20,60,20,,,,,,,,,,,,
2018Q1,15,1.7,,,,5,5,20,35,30,5,,,,,,,,,,
2018Q1,16,1.1,1,2,5,13,17,21,16,11,8,4,1,1,,,,,,,
2018Q1,20,1.3,,,,15,30,35,20,,,,,,,,,,,,
2018Q1,22,1.5,,,,5,15,25,35,15,5,,,,,,,,,,
2018Q1,23,1.5,1,2,5,10,15,20,22,17,7,1,,,,,,,,,
2018Q1,24,1.3420878483,,3,6,10,15,22.5,16,12.5,10,5,,,,,,,,,
2018Q1,26,1.5,,,5,10,15,20,20,15,10,5,,,,,,,,,
2018Q1,29,1.4,,,,,10,50,40,,,,,,,,,,,,
2018Q1,30,,,,,,,,,,,,,,,,,,,,
2018Q1,31,2,,,,5,10,15,30,35,5,,,,,,,,,,
2018Q1,32,,,,,,,,,,,,,,,,,,,,
2018Q1,35,,,,,,,,,,,,,,,,,,,,
2018Q1,37,1.6,,,,1,7,42,45,4,1,,,,,,,,,,
2018Q1,38,1.3,,,,,20,60,20,,,,,,,,,,,,
2018Q1,39,1.3,,,,,20,37,28,15,,,,,,,,,,,
2018Q1,41,,,,,,,,,,,,,,,,,,,,
2018Q1,45,,,,,,,,,,,,,,,,,,,,
2018Q1,47,,,,,,,,,,,,,,,,,,,,
2018Q1,48,,,,,,,,,,,,,,,,,,,,
2018Q1,49,1.5,,,,,,,,,,,,,,,,,,,
2018Q1,54,1.7,,,,,10,30,50,10,,,,,,,,,,,
2018Q1,57,1.6,,,,,,,,,,,,,,,,,,,
2018Q1,61,,,,,,,,,,,,,,,,,,,,
2018Q1,67,,,,,,,,,,,,,,,,,,,,
2018Q1,68,1.8,,,,,,,,,,,,,,,,,,,
2018Q1,70,,,,,,,,,,,,,,,,,,,,
2018Q1,80,,,,,,,,,,,,,,,,,,,,
2018Q1,82,,,,,,,,,,,,,,,,,,,,
2018Q1,85,1.6192839202,.3271171237,.996253619,2.9547635781,6.8586881552,12.4614775896,17.7231442788,19.7321469255,17.1979336729,11.7338045702,6.2667282403,2.6196795949,1.1282626518,,,,,,,
2018Q1,89,1.6606552881,,,2.5,5,10,15,30,25,10,2.5,,,,,,,,,
2018Q1,91,1.9,,,,,,,,,,,,,,,,,,,
2018Q1,92,1.4117707894,5.7475948394,4.8260904316,7.2338153905,9.7536452352,11.83028924,11.6052752824,12.7532696957,12.4038925094,8.110398447,6.5956110324,4.2840606142,4.8560572822,,,,,,,
2018Q1,93,2,,,,,2.5,5,37.5,50,5,,,,,,,,,,
2018Q1,94,2,.5,1,2,3,6,10,25,26,14,8,2.5,2,,,,,,,
2018Q1,95,1.6945458023,.7874493488,1.3516594056,3.4108204435,7.0003568484,11.6856059101,15.8654365988,19.4518722699,16.7010266523,11.4940429257,6.8289282118,3.2999093896,2.1228919955,,,,,,,
2018Q1,96,1.2,,,,10,15,35,25,10,5,,,,,,,,,,
2018Q1,98,1.5,,,,,15,30,40,15,,,,,,,,,,,
2018Q1,99,,,,,,,,,,,,,,,,,,,,
2018Q1,101,1.2,,,,,,,,,,,,,,,,,,,
2018Q1,102,1.3,,,,5,15,45,30,5,,,,,,,,,,,
2018Q1,103,,,,,,,,,,,,,,,,,,,,
2018Q1,105,1.4,,,,,,30,70,,,,,,,,,,,,
2018Q1,110,,,,,,,,,,,,,,,,,,,,
2018Q1,112,1.6,,,,5,15,25,30,15,10,,,,,,,,,,
2018Q1,114,1.4,,2,3,5,12,45,18,10,5,,,,,,,,,,
2021,1,1.7,,,,,10,30,40,20,,,,,,,,,,,
2021,4,1.7,,,2.5,5,15,20,35,15,5,2.5,,,,,,,,,
2021,5,1.7,,,,5,10,20,30,20,10,5,,,,,,,,,
2021,6,1.5,,,,,10,35,45,10,,,,,,,,,,,
2021,7,,,,,,,,,,,,,,,,,,,,
2021,10,1.2,,,,,20,60,20,,,,,,,,,,,,
2021,15,1.7,,,,5,10,25,30,15,10,5,,,,,,,,,
2021,16,1.7,5,5,6,7,13,14,16,12,9,7,5,1,,,,,,,
2021,20,2,,,5,5,10,15,22,25,13,5,,,,,,,,,
2021,22,1.5,,,,,10,20,40,20,10,,,,,,,,,,
2021,23,1.3,1,2,3,10,15,20,18,15,10,5,1,,,,,,,,
2021,24,1.5,,2,4,10,12,17,21,14,10,8,2,,,,,,,,
2021,26,2,,,,5,10,15,20,20,15,10,5,,,,,,,,
2021,29,1.5,,,,,,30,50,20,,,,,,,,,,,
2021,30,,,,,,,,,,,,,,,,,,,,
2021,31,1.8,,,,,10,25,40,20,5,,,,,,,,,,
2021,32,,,,,,,,,,,,,,,,,,,,
2021,35,,,,,,,,,,,,,,,,,,,,
2021,37,1.9,,,,,2,10,39,37,12,,,,,,,,,,
2021,38,,,,,,,,,,,,,,,,,,,,
2021,39,1.4,,,,15,20,30,25,10,,,,,,,,,,,
2021,41,,,,,,,,,,,,,,,,,,,,
2021,45,1.45,,,,5,10,35,35,10,5,,,,,,,,,,
2021,47,,,,,,,,,,,,,,,,,,,,
2021,48,1.5,,,,,,,,,,,,,,,,,,,
2021,49,,,,,,,,,,,,,,,,,,,,
2021,54,2,,,,,5,10,35,35,10,5,,,,,,,,,
2021,57,1.8,,,,,,,,,,,,,,,,,,,
2021,61,,,,,,,,,,,,,,,,,,,,
2021,67,,,,,,,,,,,,,,,,,,,,
2021,68,1.5,,,,,,,,,,,,,,,,,,,
2021,70,1.8,,,,,,20,60,20,,,,,,,,,,,
2021,80,1.5,1.393728223,1.7421602787,5.2264808362,9.4076655052,12.543554007,20.2090592335,13.93728223,18.8153310105,9.4076655052,3.4843205575,2.4390243902,1.393728223,,,,,,,
2021,82,,,,,,,,,,,,,,,,,,,,
2021,85,1.5286401897,.8431692148,1.8055637044,4.2871669486,8.3078182661,13.1396220718,16.9618168484,17.8716043384,15.3694401384,10.7882526336,6.1806136129,2.8898962562,1.5550359664,,,,,,,
2021,89,2,,,2.5,2.5,5,15,17.5,20,17.5,12.5,5,2.5,,,,,,,
2021,91,1.8,0,0,0,0,5,40,40,15,0,0,0,0,,,,,,,
2021,92,,,,,,,,,,,,,,,,,,,,
2021,93,2,,,,,2.5,5,25,57.5,10,,,,,,,,,,
2021,94,2.5,.5,1,1.5,2,3,4,8,22,28,18,10,2,,,,,,,
2021,95,1.8495785651,.4854065153,.8847553936,2.4991609888,5.6860798288,10.4202797277,15.3813164713,18.2875422957,17.5131748905,13.5089666991,8.3931905491,4.2002944854,2.7398321547,,,,,,,
2021,96,,,,,,,,,,,,,,,,,,,,
2021,98,1.5,,,,,15,30,35,15,5,,,,,,,,,,
2021,99,1.7,0,0,0,0,0,40,60,0,0,0,0,0,,,,,,,
2021,101,1,,,5,15,30,35,10,5,,,,,,,,,,,
2021,102,,,,,,,,,,,,,,,,,,,,
2021,103,1.6,,,2.5,5,10,25,30,20,5,2.5,,,,,,,,,
2021,105,1.6,,,,,,15,80,5,,,,,,,,,,,
2021,110,,,,,,,,,,,,,,,,,,,,
2021,112,2,,,,,5,10,20,30,20,10,5,,,,,,,,
2021,114,1.5,,1,2,3,15,31,34,10,4,,,,,,,,,,
,,,,,,,,,,,,,,,,,,,,,
EXPECTED UNEMPLOYMENT RATE; PERCENTAGE OF LABOUR FORCE,,,,,,,,,,,,,,,,,,,,,
TARGET_PERIOD,FCT_SOURCE,POINT,T6_5,F6_5T6_9,F7_0T7_4,F7_5T7_9,F8_0T8_4,F8_5T8_9,F9_0T9_4,F9_5T9_9,F10_0T10_4,F10_5T10_9,F11_0T11_4,F11_5T11_9,F12_0T12_4,F12_5T12_9,F13_0T13_4,F13_5T13_9,F14_0T14_4,F14_5T14_9,F15_0
2016,1,10.6,,,,,,,,,45,55,,,,,,,,,
2016,4,10.1,,,,,,2.5,15,25,30,15,10,2.5,,,,,,,
2016,5,10.2,,,,,,,,10,80,10,,,,,,,,,
2016,6,10.1,,,,,,,,25,60,15,,,,,,,,,
2016,7,,,,,,,,,,,,,,,,,,,,
2016,10,10.2,,,,,,,,20,60,20,,,,,,,,,
2016,15,10,,,,,,,,45,55,,,,,,,,,,
2016,16,10,0,0,0,0,0,2,8,27,30,19,8,5,1,0,0,0,0,0,0
2016,20,10,,,,,,,,40,60,,,,,,,,,,
2016,22,10,,,,,,,,25,40,25,10,,,,,,,,
2016,23,10.1,,,,,,,2,32,45,20,1,,,,,,,,
2016,24,10.032126084,,,,,,,21,24,30,15,10,,,,,,,,
2016,26,,,,,,,,,15,75,10,,,,,,,,,
2016,29,10.5,,,,,,,,10,30,40,20,,,,,,,,
2016,30,10.9,,,,,,,,,20,50,30,,,,,,,,
2016,31,10,,,,,,,5,15,40,30,10,,,,,,,,
2016,32,10.1,0,0,0,0,0,.0000000597,.0293703575,21.3407568405,75.4147298065,3.2147931071,.0003498287,0,0,0,0,0,0,0,0
2016,35,10.1,,,,,,,,10,90,,,,,,,,,,
2016,37,10.1,,,,,,,,4,52,44,,,,,,,,,
2016,38,10.1,,,,,,,,20,60,20,,,,,,,,,
2016,39,10.1,,,,,,,10,25,40,20,5,,,,,,,,
2016,41,10.7,,,,,,,,,40,60,,,,,,,,,
2016,45,,,,,,,,,,,,,,,,,,,,
2016,47,10.1,0,0,0,0,0,0,0,20,60,20,0,0,0,0,0,0,0,0,0
2016,48,9.5,,,,,,,,,,,,,,,,,,,
2016,49,10.3,,,,,,,,,,,,,,,,,,,
2016,54,10,,,,,,,5,40,45,10,,,,,,,,,
2016,57,10.2,,,,,,,,,,,,,,,,,,,
2016,61,10.1,,,,,,,,35,50,15,,,,,,,,,
2016,67,,,,,,,,,,,,,,,,,,,,
2016,68,10.1,,,,,,,,,,,,,,,,,,,
2016,70,10.1,,,,,,,,45,55,,,,,,,,,,
2016,80,8.65,0,0,0,0,24.0418118467,68.6411149826,6.2717770035,.6968641115,.3484320557,0,0,0,0,0,0,0,0,0,0
2016,82,10.2,,,,,,,,,,,,,,,,,,,
2016,85,10.1208908372,0,.0000000059,.0000026316,.0004434478,.0284487379,.7018542843,6.7374496026,25.4641613276,38.2328745306,22.8756903174,5.4330250377,.5073811312,.0184109984,.0002565843,.00000136,.0000000027,0,0,0
2016,89,10.1,,,,2.5,2.5,5,10,22.5,25,12.5,10,7.5,2.5,,,,,,
2016,91,10.4,0,0,0,0,0,10,10,25,30,25,0,0,0,0,0,0,0,0,0
2016,92,,,,,,,,,,,,,,,,,,,,
2016,93,10.3,,,,,,,,16.5,58,25.5,,,,,,,,,
2016,94,10,,,,,.5,4,20,29,30,6,3,2.5,2,1.5,1,.5,,,
2016,95,10.1329382428,.0029218068,.020794784,.1152613532,2.2832738026,5.2441545838,7.9509955681,11.6088536103,15.0744824699,19.3250703929,14.2152225381,11.7797995054,7.4034559219,3.3684304959,1.1935677221,.3293767349,.0707888984,.0118485108,.001544503,.0001567979
2016,96,10.3,,,,,,3,7,15,35,25,10,5,,,,,,,
2016,98,10.2,,,,,,,,15,75,10,,,,,,,,,
2016,99,10,0,0,0,0,0,0,0,40,60,0,0,0,0,0,0,0,0,0,0
2016,101,10.1,,,,,,,,20,80,,,,,,,,,,
2016,102,10.1,,,,,,,,15,70,15,,,,,,,,,
2016,103,10,,,,,,,,35,60,5,,,,,,,,,
2016,105,10.2,,,,,,,,25,75,,,,,,,,,,
2016,110,10.1,0,0,0,0,.0000000864,.0010665674,.6568855831,23.276575613,61.6676500331,14.1677169851,.2298985681,.0002065547,.0000000091,0,0,0,0,0,0
2016,112,10.1,,,,,,5,10,20,30,20,10,5,,,,,,,
2016,114,10.2,,,,,,,5,25,40,20,5,5,,,,,,,
2017,1,10.2,,,,,,,,30,40,30,,,,,,,,,
2017,4,9.5,,,,,2.5,10,25,35,15,10,2.5,,,,,,,,
2017,5,10.2,,,,,,,5,30,40,20,5,,,,,,,,
2017,6,9.7,,,,,,,5,45,35,15,,,,,,,,,
2017,7,,,,,,,,,,,,,,,,,,,,
2017,10,10.2,,,,,,,,20,60,20,,,,,,,,,
2017,15,9.6,,,,,,15,20,40,20,5,,,,,,,,,
2017,16,9.8,0,0,0,0,2,6,18,29,25,12,5,2,1,0,0,0,0,0,0
2017,20,9.5,,,,,,10,30,35,25,,,,,,,,,,
2017,22,9.8,,,,,,,15,40,25,15,5,,,,,,,,
2017,23,9.7,,,,,,5,20,25,20,15,10,5,,,,,,,
2017,24,9.4610576743,,,,,12,14,19,25,15,10,5,,,,,,,,
2017,26,,,,,,,,5,30,60,5,,,,,,,,,
2017,29,10.4,,,,,,,,10,30,40,20,,,,,,,,
2017,30,10.3,,,,,,,,20,50,30,,,,,,,,,
2017,31,9.8,,,,,,5,10,35,30,15,5,,,,,,,,
2017,32,9.7,0,.0000024782,.0004045125,.0256082977,.6333244682,6.1875730995,24.1514945334,37.9891938577,24.1602497947,6.1920758635,.6340193693,.0256459807,.0004052609,.0000024779,.0000000058,0,0,0,0
2017,35,,,,,,,,,,,,,,,,,,,,
2017,37,9.5,,,,,,,14,47,35,4,,,,,,,,,
2017,38,9.7,,,,,,,20,60,20,,,,,,,,,,
2017,39,9.7,,,,,,,18,37,35,10,,,,,,,,,
2017,41,10.5,,,,,,,,,30,60,10,,,,,,,,
2017,45,,,,,,,,,,,,,,,,,,,,
2017,47,9.8,0,0,0,0,0,5,20,50,20,5,0,0,0,0,0,0,0,0,0
2017,48,9.1,,,,,,,,,,,,,,,,,,,
2017,49,10,,,,,,,,,,,,,,,,,,,
2017,54,9.5,,,,,,,30,50,15,5,,,,,,,,,
2017,57,9.8,,,,,,,,,,,,,,,,,,,
2017,61,9.6,,,,,,5,20,40,30,5,,,,,,,,,
2017,67,,,,,,,,,,,,,,,,,,,,
2017,68,9.7,,,,,,,,,,,,,,,,,,,
2017,70,9.6,,,,,,,10,55,35,,,,,,,,,,
2017,80,8.24,0,.6968641115,4.8780487805,25.7839721254,36.236933798,24.3902439024,6.968641115,.3484320557,.6968641115,0,0,0,0,0,0,0,0,0,0
2017,82,9.9,,,,,,,,,,,,,,,,,,,
2017,85,9.6,.0009920764,.0149187826,.1517609637,1.0028579853,4.3093993619,12.0524653153,21.9538965612,26.0558831146,20.1517066194,10.1542972507,3.3320683764,.7115235443,.0987819357,.0089068581,.0005210123,.0000197497,.0000004846,.0000000077,.0000000001
2017,89,9.7225,,,2.5,2.5,7.5,10,15,25,15,10,5,5,2.5,,,,,,
2017,91,10.1,0,0,0,0,0,15,15,30,30,10,0,0,0,0,0,0,0,0,0
2017,92,,,,,,,,,,,,,,,,,,,,
2017,93,9.9,,,,,,,5,48,42,5,,,,,,,,,
2017,94,9.7,,,1,3.5,6,15,18,24,11,6,5,4,3,2,1,.5,,,
2017,95,9.677523475,1.6153526414,2.3589930663,3.6280941045,5.5104696189,7.9028541306,10.4378405596,12.5370220964,14.570093233,11.4222475833,9.8770420452,7.5276615065,4.9890465984,3.7284253712,2.0921834096,1.0505557663,.4720451342,.1897985968,.0682884927,.0219860451
2017,96,10.2,,,,,,3,7,15,35,25,10,5,,,,,,,
2017,98,9.6,,,,,,10,25,30,25,10,,,,,,,,,
2017,99,9.1,0,0,0,0,0,0,80,20,0,0,0,0,0,0,0,0,0,0,0
2017,101,9.7,,,,,,,25,60,15,,,,,,,,,,
2017,102,9.6,,,,,,,10,60,30,,,,,,,,,,
2017,103,9.6,,,,,,2.5,25,45,25,2.5,,,,,,,,,
2017,105,10,,,,,,,,40,60,,,,,,,,,,
2017,110,9.7,.0405972847,.12882711,.6350682516,2.1762041764,5.7043876916,11.4396956902,17.5535619142,20.6106871132,18.5185903126,12.7322083052,6.6981151572,2.6959310109,.8300600364,.1954686611,.0351982788,.004845539,.0005098371,.0000409899,.0000026399
2017,112,9.8,,,,,5,10,20,30,20,10,5,,,,,,,,
2017,114,10,,,,,,2,5,25,30,15,10,5,5,2,1,,,,
2017May,1,9.8,,,,,,,30,50,20,,,,,,,,,,
2017May,4,9.6,,,,,2.5,5,25,30,25,10,2.5,,,,,,,,
2017May,5,10.2,,,,,,,,15,70,15,,,,,,,,,
2017May,6,9.7,,,,,,,15,50,30,5,,,,,,,,,
2017May,7,,,,,,,,,,,,,,,,,,,,
2017May,10,10.5,,,,,,,,,20,60,20,,,,,,,,
2017May,15,9.7,,,,,,5,15,15,30,20,10,5,,,,,,,
2017May,16,9.8,0,0,0,0,2,6,18,29,25,12,5,2,1,0,0,0,0,0,0
2017May,20,9.6,,,,,,,20,60,20,,,,,,,,,,
2017May,22,9.9,,,,,,10,30,35,20,5,,,,,,,,,
2017May,23,9.8,,,,,1,6,20,25,20,15,10,3,,,,,,,
2017May,24,9.5495519204,,,,,13,14,17,25,15,10,6,,,,,,,,
2017May,26,,,,,,,,,25,70,5,,,,,,,,,
2017May,29,10.5,,,,,,,,10,30,40,20,,,,,,,,
2017May,30,,,,,,,,,,,,,,,,,,,,
2017May,31,9.9,,,,,5,10,20,40,20,5,,,,,,,,,
2017May,32,,,,,,,,,,,,,,,,,,,,
2017May,35,,,,,,,,,,,,,,,,,,,,
2017May,37,9.7,,,,,,,8,50,27,15,,,,,,,,,
2017May,38,9.8,,,,,,,20,60,20,,,,,,,,,,
2017May,39,9.8,,,,,,,10,36,34,20,,,,,,,,,
2017May,41,,,,,,,,,,,,,,,,,,,,
2017May,45,,,,,,,,,,,,,,,,,,,,
2017May,47,,,,,,,,,,,,,,,,,,,,
2017May,48,9.5,,,,,,,,,,,,,,,,,,,
2017May,49,10,,,,,,,,,,,,,,,,,,,
2017May,54,10.1,,,,,,,5,35,45,15,,,,,,,,,
2017May,57,9.8,,,,,,,,,,,,,,,,,,,
2017May,61,9.7,,,,,,5,25,40,25,5,,,,,,,,,
2017May,67,,,,,,,,,,,,,,,,,,,,
2017May,68,9.8,,,,,,,,,,,,,,,,,,,
2017May,70,,,,,,,,,,,,,,,,,,,,
2017May,80,,,,,,,,,,,,,,,,,,,,
2017May,82,,,,,,,,,,,,,,,,,,,,
2017May,85,9.7,.0018536738,.0214092341,.1787508411,1.0204335165,3.985680676,10.6573974516,19.5174979396,24.4876092357,21.0506721465,12.3979751584,5.001389482,1.3813543213,.2610684781,.0337407212,.002979825,.0001796942,.0000073935,.0000002074,.000000004
2017May,89,9.76,,,2.5,2.5,5,7.5,12.5,17.5,25,15,7.5,2.5,2.5,,,,,,
2017May,91,10,0,0,0,0,0,15,15,30,30,10,0,0,0,0,0,0,0,0,0
2017May,92,,,,,,,,,,,,,,,,,,,,
2017May,93,,,,,,,,,,,,,,,,,,,,
2017May,94,9.8,,.5,1.5,3,8,12.5,16,22,10,8,7,5,3,2,1,.5,,,
2017May,95,9.6622082567,1.5337465146,2.220110879,3.4073923291,6.1324366744,8.4408224261,10.9365266928,13.066085208,14.24290554,10.3532877204,8.9462728328,7.6321870478,5.1348828953,3.8509426472,2.1850774958,1.1094601185,.504082481,.2049446428,.0745618361,.0242740183
2017May,96,10.2,,,,,,3,7,15,35,25,10,5,,,,,,,
2017May,98,9.8,,,,,,10,25,35,20,10,,,,,,,,,
2017May,99,9.2,0,0,0,0,0,0,70,30,0,0,0,0,0,0,0,0,0,0,0
2017May,101,9.7,,,,,,,,,,,,,,,,,,,
2017May,102,,,,,,,,,,,,,,,,,,,,
2017May,103,9.7,,,,,,,27.5,45,25,2.5,,,,,,,,,
2017May,105,10.1,,,,,,,,35,65,,,,,,,,,,
2017May,110,9.8,.0003107204,.0032647434,.04714195,.412927599,2.2973964908,8.1281279249,18.3039148344,26.2529330589,23.9895823517,13.9651488682,5.1767016596,1.2209847103,.1830500714,.0174224584,.0010513964,.0000401764,.0000009709,.0000000148,.0000000001
2017May,112,10.1,,,,,,5,10,20,30,20,10,5,,,,,,,
2017May,114,10,,,,,,2,5,23,30,20,10,5,5,,,,,,
2018,1,9.8,,,,,,,30,40,30,,,,,,,,,,
2018,4,,,,,,,,,,,,,,,,,,,,
2018,5,9.3,,,,,5,25,35,25,5,5,,,,,,,,,
2018,6,9.3,,,,,,5,40,30,25,,,,,,,,,,
2018,7,,,,,,,,,,,,,,,,,,,,
2018,10,9.8,,,,,,,20,60,20,,,,,,,,,,
2018,15,9.4,,,,,5,15,35,30,10,5,,,,,,,,,
2018,16,9.4,0,0,0,2,8,10,16,15,14,11,9,6,3,3,2,1,0,0,0
2018,20,9,,,,,10,25,30,25,10,,,,,,,,,,
2018,22,9.6,,,,,,5,10,35,30,15,5,,,,,,,,
2018,23,9.2,,,,1,10,20,25,18,13,7,3,2,1,,,,,,
2018,24,9.1250576743,,,5,8,13,16,21,16,12,5,4,,,,,,,,
2018,26,,,,,,,,10,45,40,5,,,,,,,,,
2018,29,10.4,,,,,,,,10,30,40,20,,,,,,,,
2018,30,,,,,,,,,,,,,,,,,,,,
2018,31,9.6,,,,,,5,10,40,30,10,5,,,,,,,,
2018,32,,,,,,,,,,,,,,,,,,,,
2018,35,,,,,,,,,,,,,,,,,,,,
2018,37,9,,,,,,13,41,36,10,,,,,,,,,,
2018,38,9.5,,,,,,,20,60,20,,,,,,,,,,
2018,39,9.4,,,,,,15,35,30,15,5,,,,,,,,,
2018,41,10.5,,,,,,,,,30,60,10,,,,,,,,
2018,45,,,,,,,,,,,,,,,,,,,,
2018,47,,,,,,,,,,,,,,,,,,,,
2018,48,,,,,,,,,,,,,,,,,,,,
2018,49,9.7,,,,,,,,,,,,,,,,,,,
2018,54,9.2,,,,,,10,50,25,10,5,,,,,,,,,
2018,57,9.2,,,,,,,,,,,,,,,,,,,
2018,61,,,,,,,,,,,,,,,,,,,,
2018,67,,,,,,,,,,,,,,,,,,,,
2018,68,,,,,,,,,,,,,,,,,,,,
2018,70,,,,,,,,,,,,,,,,,,,,
2018,80,8.15,0,1.7421602787,12.543554007,22.6480836237,34.1463414635,19.1637630662,7.6655052265,1.393728223,.3484320557,.3484320557,0,0,0,0,0,0,0,0,0
2018,82,,,,,,,,,,,,,,,,,,,,
2018,85,9.1,.3466973803,1.043647371,3.0662015245,7.0504207463,12.6893982001,17.8776638338,19.7171131629,17.0233179228,11.5054913998,6.0870165473,2.5206209091,.8168979691,.2071706188,.0411076098,.0063808138,.0007746577,.0000735427,.0000054586,.0000003316
2018,89,9.339,,2.5,2.5,5,10,12.5,20,22.5,12.5,5,5,2.5,,,,,,,
2018,91,9.9,0,0,0,0,0,20,25,40,10,5,0,0,0,0,0,0,0,0,0
2018,92,,,,,,,,,,,,,,,,,,,,
2018,93,9.6,,,,,,10,27,47,13.5,2.5,,,,,,,,,
2018,94,8.5,1.5,4,10,17,22,23,5,4,3.5,3,2.5,2,1.5,1,,,,,
2018,95,9.3417183209,1.7690327364,1.9459589213,2.5794023394,5.1553560105,9.4589696048,15.2623853081,17.2654722867,14.589265061,13.9211056973,9.9095044809,5.173214964,2.1032722477,.6659733296,.1642270012,.0315397806,.0047173614,.0005494979,.0000498493,.0000035219
2018,96,10.2,,,,,,3,7,15,35,25,10,5,,,,,,,
2018,98,9.2,,,,,10,20,30,25,10,5,,,,,,,,,
2018,99,,,,,,,,,,,,,,,,,,,,
2018,101,9.4,,,,,,5,45,35,10,5,,,,,,,,,
2018,102,9.3,,,,,,15,55,30,,,,,,,,,,,
2018,103,,,,,,,,,,,,,,,,,,,,
2018,105,9.9,,,,,,,,70,30,,,,,,,,,,
2018,110,,,,,,,,,,,,,,,,,,,,
2018,112,9.5,,,,,5,10,20,30,20,10,5,,,,,,,,
2018,114,10.1,,,,,1,2,10,20,25,23,10,5,2,2,,,,,
2018May,1,9.5,,,,,,30,50,20,,,,,,,,,,,
2018May,4,,,,,,,,,,,,,,,,,,,,
2018May,5,9.7,,,,,,5,30,35,20,5,5,,,,,,,,
2018May,6,9.4,,,,,,15,45,35,5,,,,,,,,,,
2018May,7,,,,,,,,,,,,,,,,,,,,
2018May,10,10.1,,,,,,,,20,60,20,,,,,,,,,
2018May,15,9.5,,,,,5,15,25,35,10,5,5,,,,,,,,
2018May,16,9.5,0,0,0,2,8,10,15,16,14,11,9,6,3,3,2,1,0,0,0
2018May,20,9.1,,,,,5,25,35,25,10,,,,,,,,,,
2018May,22,9.7,,,,,,15,30,35,15,5,,,,,,,,,
2018May,23,9.4,,,,1,5,15,22,20,15,10,8,3,1,,,,,,
2018May,24,9.1495519204,,,3,7,10,14,22.5,14,12.5,10,7,,,,,,,,
2018May,26,,,,,,,,5,45,45,5,,,,,,,,,
2018May,29,10.4,,,,,,,,10,30,40,20,,,,,,,,
2018May,30,,,,,,,,,,,,,,,,,,,,
2018May,31,9.7,,,,,5,10,15,40,20,10,,,,,,,,,
2018May,32,,,,,,,,,,,,,,,,,,,,
2018May,35,,,,,,,,,,,,,,,,,,,,
2018May,37,9.2,,,,,,8,48,30,13,1,,,,,,,,,
2018May,38,9.6,,,,,,,20,60,20,,,,,,,,,,
2018May,39,9.4,,,,,,10,35,30,20,5,,,,,,,,,
2018May,41,,,,,,,,,,,,,,,,,,,,
2018May,45,,,,,,,,,,,,,,,,,,,,
2018May,47,,,,,,,,,,,,,,,,,,,,
2018May,48,,,,,,,,,,,,,,,,,,,,
2018May,49,9.7,,,,,,,,,,,,,,,,,,,
2018May,54,9.4,,,,,,,15,45,25,15,,,,,,,,,
2018May,57,9.4,,,,,,,,,,,,,,,,,,,
2018May,61,,,,,,,,,,,,,,,,,,,,
2018May,67,,,,,,,,,,,,,,,,,,,,
2018May,68,,,,,,,,,,,,,,,,,,,,
2018May,70,,,,,,,,,,,,,,,,,,,,
2018May,80,,,,,,,,,,,,,,,,,,,,
2018May,82,,,,,,,,,,,,,,,,,,,,
2018May,85,9.2,.255513033,.8168979691,2.5206209091,6.0870165473,11.5054913998,17.0233179228,19.717113163,17.8776638338,12.6893982001,7.0504207463,3.0662015245,1.043647371,.2779835865,.0579338204,.0094453984,.0012044942,.0001201163,.0000093654,.000000599
2018May,89,9.38,,2.5,2.5,2.5,7.5,10,20,22.5,15,10,5,2.5,,,,,,,
2018May,91,9.7,0,0,0,0,0,20,25,40,10,5,0,0,0,0,0,0,0,0,0
2018May,92,,,,,,,,,,,,,,,,,,,,
2018May,93,,,,,,,,,,,,,,,,,,,,
2018May,94,9.2,,1.5,4,7,12,22,24,8,6,5,4,3,2,1,.5,,,,
2018May,95,9.482984563,.0899257031,.4080883962,1.4422848093,3.9698508682,8.5098858538,14.2069109,18.4714912375,22.5506697102,14.7497853378,9.0587263374,4.3328630211,1.6140209167,.468241322,.1057929422,.0186152997,.0025509958,.000272255,.0000226292,.0000014648
2018May,96,10.2,,,,,,3,7,15,35,25,10,5,,,,,,,
2018May,98,9.3,,,,,10,25,25,25,15,,,,,,,,,,
2018May,99,,,,,,,,,,,,,,,,,,,,
2018May,101,9.4,,,,,,,,,,,,,,,,,,,
2018May,102,,,,,,,,,,,,,,,,,,,,
2018May,103,,,,,,,,,,,,,,,,,,,,
2018May,105,9.9,,,,,,,,80,20,,,,,,,,,,
2018May,110,,,,,,,,,,,,,,,,,,,,
2018May,112,9.8,,,,,5,10,20,30,20,10,5,,,,,,,,
2018May,114,10.1,,,,,1,2,10,20,25,23,10,5,2,2,,,,,
2021,1,8.5,,,,,10,40,30,20,,,,,,,,,,,
2021,4,8.5,,.5,2,5,20,30,20,15,5,2,.5,,,,,,,,
2021,5,9.3,,,,,5,25,35,25,5,5,,,,,,,,,
2021,6,9,,,,,5,30,40,20,5,,,,,,,,,,
2021,7,,,,,,,,,,,,,,,,,,,,
2021,10,9,,,,,,20,60,20,,,,,,,,,,,
2021,15,9,,,,,10,20,30,25,5,5,5,,,,,,,,
2021,16,9.4,3,5,6,8,11,13,16,14,11,6,3,2,1,1,0,0,0,0,0
2021,20,7.9,,7,15,23,20,12,8,5,5,5,,,,,,,,,
2021,22,9.2,,,,,10,20,40,20,10,,,,,,,,,,
2021,23,7,15,18,20,15,10,7,5,4,3,2,1,,,,,,,,
2021,24,8.4850576743,3,6,9,11,16,20,14,10,7,3,1,,,,,,,,
2021,26,,,,,,,10,25,40,10,10,5,,,,,,,,
2021,29,10,,,,,,,10,30,40,20,,,,,,,,,
2021,30,,,,,,,,,,,,,,,,,,,,
2021,31,9.3,,,,,10,15,40,20,10,5,,,,,,,,,
2021,32,,,,,,,,,,,,,,,,,,,,
2021,35,,,,,,,,,,,,,,,,,,,,
2021,37,8.2,,,5,16,27,22,15,10,4,1,,,,,,,,,
2021,38,,,,,,,,,,,,,,,,,,,,
2021,39,8.8,,,,5,17,25,20,18,10,5,,,,,,,,,
2021,41,,,,,,,,,,,,,,,,,,,,
2021,45,,,,,,,,,,,,,,,,,,,,
2021,47,,,,,,,,,,,,,,,,,,,,
2021,48,,,,,,,,,,,,,,,,,,,,
2021,49,,,,,,,,,,,,,,,,,,,,
2021,54,9,,,,,,35,50,10,5,,,,,,,,,,
2021,57,8.5,,,,,,,,,,,,,,,,,,,
2021,61,,,,,,,,,,,,,,,,,,,,
2021,67,,,,,,,,,,,,,,,,,,,,
2021,68,,,,,,,,,,,,,,,,,,,,
2021,70,8.5,,,,,,55,45,,,,,,,,,,,,
2021,80,8.33,2.4390243902,2.787456446,11.4982578397,20.5574912893,19.1637630662,16.724738676,14.2857142857,5.9233449477,3.8327526132,1.393728223,1.393728223,0,0,0,0,0,0,0,0
2021,82,,,,,,,,,,,,,,,,,,,,
2021,85,8.6,2.2750131948,3.8368045776,7.6538265537,12.4613274957,16.5592989442,17.9605858067,15.9001983416,11.4890524923,6.7757173459,3.2613645464,1.2811328437,.4106880542,.1074287387,.0229288596,.0039926142,.0005671545,.0000657156,.0000062103,.0000005103
2021,89,8.664,,5,5,12.5,20,25,10,7.5,5,5,2.5,2.5,,,,,,,
2021,91,9.3,0,0,0,0,5,10,30,25,25,5,0,0,0,0,0,0,0,0,0
2021,92,,,,,,,,,,,,,,,,,,,,
2021,93,8,,1,10,22.5,54,12.5,,,,,,,,,,,,,
2021,94,7.9,8,13,15,25,18.5,8,4,3,1,1,1,1,.5,.5,.5,,,,
2021,95,8.5379039855,5.1240253092,7.5015744827,10.1734793709,12.5832817272,14.0886690275,15.2387080672,10.9680854515,8.6896373894,6.0194442439,4.553507477,2.6417811445,1.371490096,.6371380954,.2648619229,.0985259294,.0327964329,.0097689466,.0026038378,.000621048
2021,96,,,,,,,,,,,,,,,,,,,,
2021,98,8.4,,5,10,15,15,20,15,15,5,,,,,,,,,,
2021,99,9,0,0,0,0,0,35,65,0,0,0,0,0,0,0,0,0,0,0,0
2021,101,8.9,,,,5,10,30,30,15,5,5,,,,,,,,,
2021,102,,,,,,,,,,,,,,,,,,,,
2021,103,,,,,,,,,,,,,,,,,,,,
2021,105,9.7,,,,,,,5,85,10,,,,,,,,,,
2021,110,,,,,,,,,,,,,,,,,,,,
2021,112,9.5,,,,,5,10,20,30,20,10,5,,,,,,,,
2021,114,10,,,,2,5,10,15,15,35,5,5,4,3,1,,,,,
,,,,,,,,,,,,,,,,,,,,,
ASSUMPTIONS,,,,,,,,,,,,,,,,,,,,,
TARGET_PERIOD,FCT_SOURCE,OIL,IR,USD,LAB,,,,,,,,,,,,,,,,
2016,1,,,,,,,,,,,,,,,,,,,,
2016,4,,,,1.3,,,,,,,,,,,,,,,,
2016,5,,,,,,,,,,,,,,,,,,,,
2016,6,,,,1.8,,,,,,,,,,,,,,,,
2016,7,,,,,,,,,,,,,,,,,,,,
2016,10,,,,1.5,,,,,,,,,,,,,,,,
2016,15,,,,,,,,,,,,,,,,,,,,
2016,16,,,,1.7,,,,,,,,,,,,,,,,
2016,20,,,,,,,,,,,,,,,,,,,,
2016,22,,,,1.1,,,,,,,,,,,,,,,,
2016,23,,,,1.4,,,,,,,,,,,,,,,,
2016,24,,,,1.6,,,,,,,,,,,,,,,,
2016,26,,,,,,,,,,,,,,,,,,,,
2016,29,,,,1.5,,,,,,,,,,,,,,,,
2016,30,,,,,,,,,,,,,,,,,,,,
2016,31,,,,,,,,,,,,,,,,,,,,
2016,32,,,,,,,,,,,,,,,,,,,,
2016,35,,,,,,,,,,,,,,,,,,,,
2016,37,,,,,,,,,,,,,,,,,,,,
2016,38,,,,2.2,,,,,,,,,,,,,,,,
2016,39,,,,1.5,,,,,,,,,,,,,,,,
2016,41,,,,,,,,,,,,,,,,,,,,
2016,45,,,,,,,,,,,,,,,,,,,,
2016,47,,,,1.3,,,,,,,,,,,,,,,,
2016,48,,,,,,,,,,,,,,,,,,,,
2016,49,,,,,,,,,,,,,,,,,,,,
2016,54,,,,,,,,,,,,,,,,,,,,
2016,57,,,,,,,,,,,,,,,,,,,,
2016,61,,,,,,,,,,,,,,,,,,,,
2016,67,,,,,,,,,,,,,,,,,,,,
2016,68,,,,,,,,,,,,,,,,,,,,
2016,70,,,,1.5,,,,,,,,,,,,,,,,
2016,80,,,,,,,,,,,,,,,,,,,,
2016,82,,,,1.3,,,,,,,,,,,,,,,,
2016,85,,,,,,,,,,,,,,,,,,,,
2016,89,,,,,,,,,,,,,,,,,,,,
2016,91,,,,,,,,,,,,,,,,,,,,
2016,92,,,,,,,,,,,,,,,,,,,,
2016,93,,,,1.5,,,,,,,,,,,,,,,,
2016,94,,,,1.6,,,,,,,,,,,,,,,,
2016,95,,,,1,,,,,,,,,,,,,,,,
2016,96,,,,,,,,,,,,,,,,,,,,
2016,98,,,,1.4,,,,,,,,,,,,,,,,
2016,99,,,,1.5,,,,,,,,,,,,,,,,
2016,101,,,,1.3,,,,,,,,,,,,,,,,
2016,102,,,,1.2,,,,,,,,,,,,,,,,
2016,103,,,,1.3,,,,,,,,,,,,,,,,
2016,105,,,,1,,,,,,,,,,,,,,,,
2016,110,,,,,,,,,,,,,,,,,,,,
2016,112,,,,1.5,,,,,,,,,,,,,,,,
2016,114,,,,1,,,,,,,,,,,,,,,,
2016Q3,1,40,0,1.1,,,,,,,,,,,,,,,,,
2016Q3,4,53,0,1.1,,,,,,,,,,,,,,,,,
2016Q3,5,50,0,,,,,,,,,,,,,,,,,,
2016Q3,6,50,0,1.1,,,,,,,,,,,,,,,,,
2016Q3,7,44.6993333333,0,1.13292,,,,,,,,,,,,,,,,,
2016Q3,10,50,-.4,1.1,,,,,,,,,,,,,,,,,
2016Q3,15,51,-.3,1.12,,,,,,,,,,,,,,,,,
2016Q3,16,48,0,1.09,,,,,,,,,,,,,,,,,
2016Q3,20,46,0,1.09,,,,,,,,,,,,,,,,,
2016Q3,22,48,0,1.1,,,,,,,,,,,,,,,,,
2016Q3,23,45,0,1.09,,,,,,,,,,,,,,,,,
2016Q3,24,43.5,0,1.095135,,,,,,,,,,,,,,,,,
2016Q3,26,50,0,1.1,,,,,,,,,,,,,,,,,
2016Q3,29,45,.05,1.1,,,,,,,,,,,,,,,,,
2016Q3,30,50.1,0,1.11,,,,,,,,,,,,,,,,,
2016Q3,31,,,,,,,,,,,,,,,,,,,,
2016Q3,32,50,0,1.11,,,,,,,,,,,,,,,,,
2016Q3,35,,,,,,,,,,,,,,,,,,,,
2016Q3,37,50,0,1.14,,,,,,,,,,,,,,,,,
2016Q3,38,49,0,1.1,,,,,,,,,,,,,,,,,
2016Q3,39,49.7,0,1.1,,,,,,,,,,,,,,,,,
2016Q3,41,,,,,,,,,,,,,,,,,,,,
2016Q3,45,,,,,,,,,,,,,,,,,,,,
2016Q3,47,53,0,1.1,,,,,,,,,,,,,,,,,
2016Q3,48,,0,1.07,,,,,,,,,,,,,,,,,
2016Q3,49,,0,,,,,,,,,,,,,,,,,,
2016Q3,54,50,0,,,,,,,,,,,,,,,,,,
2016Q3,57,50,0,1.1,,,,,,,,,,,,,,,,,
2016Q3,61,50,0,1.13,,,,,,,,,,,,,,,,,
2016Q3,67,,0,1.1,,,,,,,,,,,,,,,,,
2016Q3,68,49.5,0,1.12,,,,,,,,,,,,,,,,,
2016Q3,70,50,0,1.1,,,,,,,,,,,,,,,,,
2016Q3,80,35.63,0,1.14,,,,,,,,,,,,,,,,,
2016Q3,82,,.05,1.1,,,,,,,,,,,,,,,,,
2016Q3,85,44.03,0,1.08,,,,,,,,,,,,,,,,,
2016Q3,89,50.6,0,1.1,,,,,,,,,,,,,,,,,
2016Q3,91,45,0,1.125,,,,,,,,,,,,,,,,,
2016Q3,92,50.4108333333,,1.1141729798,,,,,,,,,,,,,,,,,
2016Q3,93,47,0,1.11,,,,,,,,,,,,,,,,,
2016Q3,94,38,0,1.15,,,,,,,,,,,,,,,,,
2016Q3,95,48,0,1.12,,,,,,,,,,,,,,,,,
2016Q3,96,,0,1.15,,,,,,,,,,,,,,,,,
2016Q3,98,45,0,1.1,,,,,,,,,,,,,,,,,
2016Q3,99,50.9,0,1.11,,,,,,,,,,,,,,,,,
2016Q3,101,49.84,0,1.1135857461,,,,,,,,,,,,,,,,,
2016Q3,102,48,0,1.1,,,,,,,,,,,,,,,,,
2016Q3,103,48,0,1.09,,,,,,,,,,,,,,,,,
2016Q3,105,46,0,1.1,,,,,,,,,,,,,,,,,
2016Q3,110,48.6,0,1.12,,,,,,,,,,,,,,,,,
2016Q3,112,54,.05,1.08,,,,,,,,,,,,,,,,,
2016Q3,114,45.8,0,1.08,,,,,,,,,,,,,,,,,
2016Q4,1,45,0,1.1,,,,,,,,,,,,,,,,,
2016Q4,4,57,0,1.08,,,,,,,,,,,,,,,,,
2016Q4,5,50,0,,,,,,,,,,,,,,,,,,
2016Q4,6,52,0,1.08,,,,,,,,,,,,,,,,,
2016Q4,7,45.6526666667,0,1.13292,,,,,,,,,,,,,,,,,
2016Q4,10,70,-.4,1.1,,,,,,,,,,,,,,,,,
2016Q4,15,62,-.3,1.12,,,,,,,,,,,,,,,,,
2016Q4,16,49,0,1.1,,,,,,,,,,,,,,,,,
2016Q4,20,47,0,1.08,,,,,,,,,,,,,,,,,
2016Q4,22,48,0,1.1,,,,,,,,,,,,,,,,,
2016Q4,23,45,0,1.08,,,,,,,,,,,,,,,,,
2016Q4,24,47.5,0,1.065,,,,,,,,,,,,,,,,,
2016Q4,26,50,0,1.1,,,,,,,,,,,,,,,,,
2016Q4,29,50,.05,1.1,,,,,,,,,,,,,,,,,
2016Q4,30,50.3486428718175,0,1.11,,,,,,,,,,,,,,,,,
2016Q4,31,,,,,,,,,,,,,,,,,,,,
2016Q4,32,50,0,1.11,,,,,,,,,,,,,,,,,
2016Q4,35,,,,,,,,,,,,,,,,,,,,
2016Q4,37,52,0,1.12,,,,,,,,,,,,,,,,,
2016Q4,38,48,0,1.09,,,,,,,,,,,,,,,,,
2016Q4,39,48.9,0,1.12,,,,,,,,,,,,,,,,,
2016Q4,41,,,,,,,,,,,,,,,,,,,,
2016Q4,45,,,,,,,,,,,,,,,,,,,,
2016Q4,47,54,0,1.08,,,,,,,,,,,,,,,,,
2016Q4,48,,0,1.05,,,,,,,,,,,,,,,,,
2016Q4,49,,0,,,,,,,,,,,,,,,,,,
2016Q4,54,50,0,,,,,,,,,,,,,,,,,,
2016Q4,57,55,0,1.1,,,,,,,,,,,,,,,,,
2016Q4,61,51,0,1.13,,,,,,,,,,,,,,,,,
2016Q4,67,,0,1.1,,,,,,,,,,,,,,,,,
2016Q4,68,50.4,0,1.12,,,,,,,,,,,,,,,,,
2016Q4,70,52,0,1.07,,,,,,,,,,,,,,,,,
2016Q4,80,35.63,0,1.14,,,,,,,,,,,,,,,,,
2016Q4,82,,.05,1.1,,,,,,,,,,,,,,,,,
2016Q4,85,47.14,0,1.076,,,,,,,,,,,,,,,,,
2016Q4,89,53.26,0,1.07,,,,,,,,,,,,,,,,,
2016Q4,91,47.5,0,1.1,,,,,,,,,,,,,,,,,
2016Q4,92,51.6466666667,,1.0934699495,,,,,,,,,,,,,,,,,
2016Q4,93,48,0,1.11,,,,,,,,,,,,,,,,,
2016Q4,94,38,0,1.2,,,,,,,,,,,,,,,,,
2016Q4,95,50,0,1.12,,,,,,,,,,,,,,,,,
2016Q4,96,,0,1.17,,,,,,,,,,,,,,,,,
2016Q4,98,42,0,1.08,,,,,,,,,,,,,,,,,
2016Q4,99,52.3,0,1.08,,,,,,,,,,,,,,,,,
2016Q4,101,52,0,1.1135857461,,,,,,,,,,,,,,,,,
2016Q4,102,50,0,1.08,,,,,,,,,,,,,,,,,
2016Q4,103,50,0,1.1,,,,,,,,,,,,,,,,,
2016Q4,105,48,0,1.1,,,,,,,,,,,,,,,,,
2016Q4,110,48.9,0,1.12,,,,,,,,,,,,,,,,,
2016Q4,112,60,.05,1.07,,,,,,,,,,,,,,,,,
2016Q4,114,45,0,1.08,,,,,,,,,,,,,,,,,
2017,1,51,0,1.1,,,,,,,,,,,,,,,,,
2017,4,63,0,1.07,1.6,,,,,,,,,,,,,,,,
2017,5,55,0,,,,,,,,,,,,,,,,,,
2017,6,56,0,1.05,2,,,,,,,,,,,,,,,,
2017,7,47.38,0,1.13292,,,,,,,,,,,,,,,,,
2017,10,70,-.4,1.1,1.2,,,,,,,,,,,,,,,,
2017,15,55,-.3,1.12,,,,,,,,,,,,,,,,,
2017,16,52,0,1.12,1.7,,,,,,,,,,,,,,,,
2017,20,51,0,1.08,,,,,,,,,,,,,,,,,
2017,22,48,0,1.05,1.4,,,,,,,,,,,,,,,,
2017,23,48,0,1.04,1.8,,,,,,,,,,,,,,,,
2017,24,55,0,.975,1.6,,,,,,,,,,,,,,,,
2017,26,60,0,1.1,,,,,,,,,,,,,,,,,
2017,29,50,.05,1.1,1.5,,,,,,,,,,,,,,,,
2017,30,50.9,0,1.11,,,,,,,,,,,,,,,,,
2017,31,,,,,,,,,,,,,,,,,,,,
2017,32,53,0,1.11,,,,,,,,,,,,,,,,,
2017,35,,,,,,,,,,,,,,,,,,,,
2017,37,56,.04,1.16,,,,,,,,,,,,,,,,,
2017,38,48.8,0,1.06,1.7,,,,,,,,,,,,,,,,
2017,39,53,0,1.16,1.5,,,,,,,,,,,,,,,,
2017,41,,,,,,,,,,,,,,,,,,,,
2017,45,,,,,,,,,,,,,,,,,,,,
2017,47,54.4,0,1.1,1.7,,,,,,,,,,,,,,,,
2017,48,,0,1.05,,,,,,,,,,,,,,,,,
2017,49,,0,,,,,,,,,,,,,,,,,,
2017,54,,0,,,,,,,,,,,,,,,,,,
2017,57,58,.05,1.08,,,,,,,,,,,,,,,,,
2017,61,51,0,1.13,,,,,,,,,,,,,,,,,
2017,67,,.25,1.05,,,,,,,,,,,,,,,,,
2017,68,45.5,0,1.12,,,,,,,,,,,,,,,,,
2017,70,55,0,1.13,1.5,,,,,,,,,,,,,,,,
2017,80,41.63,0,1.15,,,,,,,,,,,,,,,,,
2017,82,,.05,1.1,1.5,,,,,,,,,,,,,,,,
2017,85,53.315,0,1.112,,,,,,,,,,,,,,,,,
2017,89,65.5775,0,1.0705319149,,,,,,,,,,,,,,,,,
2017,91,53,0,,,,,,,,,,,,,,,,,,
2017,92,53.097,,1.086,,,,,,,,,,,,,,,,,
2017,93,49,0,1.12,1.8,,,,,,,,,,,,,,,,
2017,94,40,0,1.2,1.8,,,,,,,,,,,,,,,,
2017,95,53,0,1.13,1.2,,,,,,,,,,,,,,,,
2017,96,,0,1.21,,,,,,,,,,,,,,,,,
2017,98,48,0,1.06,1.6,,,,,,,,,,,,,,,,
2017,99,54.4,0,1.05,1.9,,,,,,,,,,,,,,,,
2017,101,58.625,0,1.1836391884,1.8,,,,,,,,,,,,,,,,
2017,102,56.25,0,1.06,1.4,,,,,,,,,,,,,,,,
2017,103,52,0,1.13,1.6,,,,,,,,,,,,,,,,
2017,105,52,0,1.1,1.1,,,,,,,,,,,,,,,,
2017,110,49.5,0,1.12,,,,,,,,,,,,,,,,,
2017,112,65,.05,1.05,1.5,,,,,,,,,,,,,,,,
2017,114,45.2,0,1.115,1.4,,,,,,,,,,,,,,,,
2017Q1,1,45,0,1.1,,,,,,,,,,,,,,,,,
2017Q1,4,60,0,1.08,,,,,,,,,,,,,,,,,
2017Q1,5,50,0,,,,,,,,,,,,,,,,,,
2017Q1,6,53,0,1.06,,,,,,,,,,,,,,,,,
2017Q1,7,46.4546666667,0,1.13292,,,,,,,,,,,,,,,,,
2017Q1,10,70,-.4,1.1,,,,,,,,,,,,,,,,,
2017Q1,15,62,-.3,1.12,,,,,,,,,,,,,,,,,
2017Q1,16,51,0,1.11,,,,,,,,,,,,,,,,,
2017Q1,20,49,0,1.07,,,,,,,,,,,,,,,,,
2017Q1,22,48,0,1.05,,,,,,,,,,,,,,,,,
2017Q1,23,45,0,1.06,,,,,,,,,,,,,,,,,
2017Q1,24,51.5,0,1.03125,,,,,,,,,,,,,,,,,
2017Q1,26,55,0,1.1,,,,,,,,,,,,,,,,,
2017Q1,29,50,.05,1.1,,,,,,,,,,,,,,,,,
2017Q1,30,50.598519741194,0,1.11,,,,,,,,,,,,,,,,,
2017Q1,31,,,,,,,,,,,,,,,,,,,,
2017Q1,32,51,0,1.11,,,,,,,,,,,,,,,,,
2017Q1,35,,,,,,,,,,,,,,,,,,,,
2017Q1,37,54,0,1.14,,,,,,,,,,,,,,,,,
2017Q1,38,48,0,1.08,,,,,,,,,,,,,,,,,
2017Q1,39,48.9,0,1.14,,,,,,,,,,,,,,,,,
2017Q1,41,,,,,,,,,,,,,,,,,,,,
2017Q1,45,,,,,,,,,,,,,,,,,,,,
2017Q1,47,51,0,1.09,,,,,,,,,,,,,,,,,
2017Q1,48,,0,1.05,,,,,,,,,,,,,,,,,
2017Q1,49,,0,,,,,,,,,,,,,,,,,,
2017Q1,54,,0,,,,,,,,,,,,,,,,,,
2017Q1,57,57,0,1.08,,,,,,,,,,,,,,,,,
2017Q1,61,51,0,1.13,,,,,,,,,,,,,,,,,
2017Q1,67,,0,1.05,,,,,,,,,,,,,,,,,
2017Q1,68,51.2,0,1.12,,,,,,,,,,,,,,,,,
2017Q1,70,55,0,1.05,,,,,,,,,,,,,,,,,
2017Q1,80,37.06,0,1.14,,,,,,,,,,,,,,,,,
2017Q1,82,,.05,1.1,,,,,,,,,,,,,,,,,
2017Q1,85,49.8,0,1.091,,,,,,,,,,,,,,,,,
2017Q1,89,58.49,0,1.0619148936,,,,,,,,,,,,,,,,,
2017Q1,91,50,0,1.07,,,,,,,,,,,,,,,,,
2017Q1,92,52.41,,1.0737004209,,,,,,,,,,,,,,,,,
2017Q1,93,48,0,1.1,,,,,,,,,,,,,,,,,
2017Q1,94,40,0,1.2,,,,,,,,,,,,,,,,,
2017Q1,95,51,0,1.13,,,,,,,,,,,,,,,,,
2017Q1,96,,0,1.19,,,,,,,,,,,,,,,,,
2017Q1,98,45,0,1.06,,,,,,,,,,,,,,,,,
2017Q1,99,53.3,0,1.06,,,,,,,,,,,,,,,,,
2017Q1,101,54.5,0,1.1627906977,,,,,,,,,,,,,,,,,
2017Q1,102,52.5,0,1.05,,,,,,,,,,,,,,,,,
2017Q1,103,51,0,1.12,,,,,,,,,,,,,,,,,
2017Q1,105,48.5,0,1.1,,,,,,,,,,,,,,,,,
2017Q1,110,49.1,0,1.12,,,,,,,,,,,,,,,,,
2017Q1,112,60,.05,1.06,,,,,,,,,,,,,,,,,
2017Q1,114,45,0,1.1,,,,,,,,,,,,,,,,,
2017Q2,1,50,0,1.1,,,,,,,,,,,,,,,,,
2017Q2,4,63,0,1.06,,,,,,,,,,,,,,,,,
2017Q2,5,55,0,,,,,,,,,,,,,,,,,,
2017Q2,6,54,0,1.05,,,,,,,,,,,,,,,,,
2017Q2,7,47.1566666667,0,1.13292,,,,,,,,,,,,,,,,,
2017Q2,10,70,-.4,1.1,,,,,,,,,,,,,,,,,
2017Q2,15,54,-.3,1.12,,,,,,,,,,,,,,,,,
2017Q2,16,52,0,1.12,,,,,,,,,,,,,,,,,
2017Q2,20,50,0,1.07,,,,,,,,,,,,,,,,,
2017Q2,22,48,0,1.05,,,,,,,,,,,,,,,,,
2017Q2,23,46,0,1.05,,,,,,,,,,,,,,,,,
2017Q2,24,53,0,.99375,,,,,,,,,,,,,,,,,
2017Q2,26,60,0,1.1,,,,,,,,,,,,,,,,,
2017Q2,29,50,.05,1.1,,,,,,,,,,,,,,,,,
2017Q2,30,50.849636732375,0,1.11,,,,,,,,,,,,,,,,,
2017Q2,31,,,,,,,,,,,,,,,,,,,,
2017Q2,32,52,0,1.11,,,,,,,,,,,,,,,,,
2017Q2,35,,,,,,,,,,,,,,,,,,,,
2017Q2,37,56,0,1.16,,,,,,,,,,,,,,,,,
2017Q2,38,48,0,1.06,,,,,,,,,,,,,,,,,
2017Q2,39,51,0,1.16,,,,,,,,,,,,,,,,,
2017Q2,41,,,,,,,,,,,,,,,,,,,,
2017Q2,45,,,,,,,,,,,,,,,,,,,,
2017Q2,47,54,0,1.1,,,,,,,,,,,,,,,,,
2017Q2,48,,0,1.05,,,,,,,,,,,,,,,,,
2017Q2,49,,0,,,,,,,,,,,,,,,,,,
2017Q2,54,,0,,,,,,,,,,,,,,,,,,
2017Q2,57,60,0,1.08,,,,,,,,,,,,,,,,,
2017Q2,61,52,0,1.13,,,,,,,,,,,,,,,,,
2017Q2,67,,0,1.05,,,,,,,,,,,,,,,,,
2017Q2,68,52,0,1.13,,,,,,,,,,,,,,,,,
2017Q2,70,50,0,1.05,,,,,,,,,,,,,,,,,
2017Q2,80,38.85,0,1.14,,,,,,,,,,,,,,,,,
2017Q2,82,,.05,1.1,,,,,,,,,,,,,,,,,
2017Q2,85,52.8,0,1.104,,,,,,,,,,,,,,,,,
2017Q2,89,64.39,0,1.0676595745,,,,,,,,,,,,,,,,,
2017Q2,91,51,0,,,,,,,,,,,,,,,,,,
2017Q2,92,52.9033333333,,1.0793,,,,,,,,,,,,,,,,,
2017Q2,93,49,0,1.12,,,,,,,,,,,,,,,,,
2017Q2,94,40,0,1.2,,,,,,,,,,,,,,,,,
2017Q2,95,53,0,1.13,,,,,,,,,,,,,,,,,
2017Q2,96,,0,1.21,,,,,,,,,,,,,,,,,
2017Q2,98,48,0,1.06,,,,,,,,,,,,,,,,,
2017Q2,99,54.2,0,1.05,,,,,,,,,,,,,,,,,
2017Q2,101,57,0,1.1764705882,,,,,,,,,,,,,,,,,
2017Q2,102,55,0,1.05,,,,,,,,,,,,,,,,,
2017Q2,103,52,0,1.13,,,,,,,,,,,,,,,,,
2017Q2,105,49.5,0,1.1,,,,,,,,,,,,,,,,,
2017Q2,110,49.4,0,1.12,,,,,,,,,,,,,,,,,
2017Q2,112,65,.05,1.05,,,,,,,,,,,,,,,,,
2017Q2,114,45,0,1.12,,,,,,,,,,,,,,,,,
2018,1,49,0,1.1,,,,,,,,,,,,,,,,,
2018,4,,,,,,,,,,,,,,,,,,,,
2018,5,60,.25,,,,,,,,,,,,,,,,,,
2018,6,58,.03,1.15,2,,,,,,,,,,,,,,,,
2018,7,,,,,,,,,,,,,,,,,,,,
2018,10,,0,1.15,1.5,,,,,,,,,,,,,,,,
2018,15,60,-.2,1.12,,,,,,,,,,,,,,,,,
2018,16,53,.05,1.13,1.9,,,,,,,,,,,,,,,,
2018,20,53,0,1.07,,,,,,,,,,,,,,,,,
2018,22,50,0,1.05,1.8,,,,,,,,,,,,,,,,
2018,23,53,.25,1.06,2,,,,,,,,,,,,,,,,
2018,24,70,.625,.95,1.7,,,,,,,,,,,,,,,,
2018,26,65,0,1.1,,,,,,,,,,,,,,,,,
2018,29,50,.15,1.1,1.6,,,,,,,,,,,,,,,,
2018,30,,,,,,,,,,,,,,,,,,,,
2018,31,,,,,,,,,,,,,,,,,,,,
2018,32,,0,1.11,,,,,,,,,,,,,,,,,
2018,35,,,,,,,,,,,,,,,,,,,,
2018,37,70,.5,1.2,,,,,,,,,,,,,,,,,
2018,38,51.5,0,1.07,2.1,,,,,,,,,,,,,,,,
2018,39,58,.25,1.21,1.7,,,,,,,,,,,,,,,,
2018,41,,,,,,,,,,,,,,,,,,,,
2018,45,,,,,,,,,,,,,,,,,,,,
2018,47,,0,,,,,,,,,,,,,,,,,,
2018,48,,,,,,,,,,,,,,,,,,,,
2018,49,,0,,,,,,,,,,,,,,,,,,
2018,54,,0,,,,,,,,,,,,,,,,,,
2018,57,60,.25,1.1,,,,,,,,,,,,,,,,,
2018,61,,,,,,,,,,,,,,,,,,,,
2018,67,,,,,,,,,,,,,,,,,,,,
2018,68,52.1,.1,1.13,,,,,,,,,,,,,,,,,
2018,70,65,0,1.15,1.7,,,,,,,,,,,,,,,,
2018,80,48.05,.35,1.17,,,,,,,,,,,,,,,,,
2018,82,,,,,,,,,,,,,,,,,,,,
2018,85,58.2325,0,,,,,,,,,,,,,,,,,,
2018,89,74.3916666667,.08,1.0935106383,,,,,,,,,,,,,,,,,
2018,91,55,.5,,,,,,,,,,,,,,,,,,
2018,92,54.731,,1.11,,,,,,,,,,,,,,,,,
2018,93,59,.01,1.14,2,,,,,,,,,,,,,,,,
2018,94,42,.13,1.2,2.1,,,,,,,,,,,,,,,,
2018,95,55,0,1.14,1.3,,,,,,,,,,,,,,,,
2018,96,,.19,,,,,,,,,,,,,,,,,,
2018,98,48,.1,1.1,2,,,,,,,,,,,,,,,,
2018,99,56.8,0,1.05,2.1,,,,,,,,,,,,,,,,
2018,101,65,0,1.2272248434,1.8,,,,,,,,,,,,,,,,
2018,102,65,0,1.08,1.6,,,,,,,,,,,,,,,,
2018,103,,.25,1.17,,,,,,,,,,,,,,,,,
2018,105,53,0,1.1,1.3,,,,,,,,,,,,,,,,
2018,110,,,,,,,,,,,,,,,,,,,,
2018,112,70,.5,1.075,1.5,,,,,,,,,,,,,,,,
2018,114,47.3,0,1.145,1.6,,,,,,,,,,,,,,,,
2021,1,,,,,,,,,,,,,,,,,,,,
2021,4,,,,1.7,,,,,,,,,,,,,,,,
2021,5,,,,,,,,,,,,,,,,,,,,
2021,6,,,,2,,,,,,,,,,,,,,,,
2021,7,,,,,,,,,,,,,,,,,,,,
2021,10,,,,2,,,,,,,,,,,,,,,,
2021,15,,,,,,,,,,,,,,,,,,,,
2021,16,,,,2,,,,,,,,,,,,,,,,
2021,20,,,,,,,,,,,,,,,,,,,,
2021,22,,,,2,,,,,,,,,,,,,,,,
2021,23,,,,2.2,,,,,,,,,,,,,,,,
2021,24,,,,1.8,,,,,,,,,,,,,,,,
2021,26,,,,,,,,,,,,,,,,,,,,
2021,29,,,,1.8,,,,,,,,,,,,,,,,
2021,30,,,,,,,,,,,,,,,,,,,,
2021,31,,,,,,,,,,,,,,,,,,,,
2021,32,,,,,,,,,,,,,,,,,,,,
2021,35,,,,,,,,,,,,,,,,,,,,
2021,37,,,,,,,,,,,,,,,,,,,,
2021,38,,,,,,,,,,,,,,,,,,,,
2021,39,,,,1.8,,,,,,,,,,,,,,,,
2021,41,,,,,,,,,,,,,,,,,,,,
2021,45,,,,,,,,,,,,,,,,,,,,
2021,47,,,,,,,,,,,,,,,,,,,,
2021,48,,,,,,,,,,,,,,,,,,,,
2021,49,,,,,,,,,,,,,,,,,,,,
2021,54,,,,,,,,,,,,,,,,,,,,
2021,57,,,,,,,,,,,,,,,,,,,,
2021,61,,,,,,,,,,,,,,,,,,,,
2021,67,,,,,,,,,,,,,,,,,,,,
2021,68,,,,,,,,,,,,,,,,,,,,
2021,70,,,,1.8,,,,,,,,,,,,,,,,
2021,80,,,,,,,,,,,,,,,,,,,,
2021,82,,,,,,,,,,,,,,,,,,,,
2021,85,,,,,,,,,,,,,,,,,,,,
2021,89,,,,,,,,,,,,,,,,,,,,
2021,91,,,,,,,,,,,,,,,,,,,,
2021,92,,,,,,,,,,,,,,,,,,,,
2021,93,,,,2.5,,,,,,,,,,,,,,,,
2021,94,,,,2.4,,,,,,,,,,,,,,,,
2021,95,,,,1.5,,,,,,,,,,,,,,,,
2021,96,,,,,,,,,,,,,,,,,,,,
2021,98,,,,2.5,,,,,,,,,,,,,,,,
2021,99,,,,2.2,,,,,,,,,,,,,,,,
2021,101,,,,1.7,,,,,,,,,,,,,,,,
2021,102,,,,,,,,,,,,,,,,,,,,
2021,103,,,,,,,,,,,,,,,,,,,,
2021,105,,,,1.4,,,,,,,,,,,,,,,,
2021,110,,,,,,,,,,,,,,,,,,,,
2021,112,,,,1.5,,,,,,,,,,,,,,,,
2021,114,,,,1.4,,,,,,,,,,,,,,,,
